NNstart
48 5
neuron 1 0.000000000000000000 0.000000000000000000 0.000000000000000000 0.000000000000000000 1 0.000000000000000000
neuron 1 0.000000000000000000 0.000000000000000000 0.000000000000000000 0.000000000000000000 1 0.000000000000000000
neuron 1 0.000000000000000000 0.000000000000000000 0.000000000000000000 0.000000000000000000 1 0.000000000000000000
neuron 1 0.000000000000000000 0.000000000000000000 0.000000000000000000 0.000000000000000000 1 0.000000000000000000
neuron 1 0.000000000000000000 0.000000000000000000 0.000000000000000000 0.000000000000000000 1 0.000000000000000000
neuron 1 0.000000000000000000 0.000000000000000000 0.000000000000000000 0.000000000000000000 1 0.000000000000000000
neuron 1 0.000000000000000000 0.000000000000000000 0.000000000000000000 0.000000000000000000 1 0.000000000000000000
neuron 1 0.000000000000000000 0.000000000000000000 0.000000000000000000 0.000000000000000000 1 0.000000000000000000
neuron 1 0.000000000000000000 0.000000000000000000 0.000000000000000000 0.000000000000000000 1 0.000000000000000000
neuron 1 0.000000000000000000 0.000000000000000000 0.000000000000000000 0.000000000000000000 1 0.000000000000000000
neuron 1 0.000000000000000000 0.000000000000000000 0.000000000000000000 0.000000000000000000 1 0.000000000000000000
neuron 1 0.000000000000000000 0.000000000000000000 0.000000000000000000 0.000000000000000000 1 0.000000000000000000
neuron 1 0.000000000000000000 0.000000000000000000 0.000000000000000000 0.000000000000000000 1 0.000000000000000000
neuron 1 0.000000000000000000 0.000000000000000000 0.000000000000000000 0.000000000000000000 1 0.000000000000000000
neuron 1 0.000000000000000000 0.000000000000000000 0.000000000000000000 0.000000000000000000 1 0.000000000000000000
neuron 1 0.000000000000000000 0.000000000000000000 0.000000000000000000 0.000000000000000000 1 0.000000000000000000
neuron 1 0.000000000000000000 0.000000000000000000 0.000000000000000000 0.000000000000000000 1 0.000000000000000000
neuron 1 0.000000000000000000 0.000000000000000000 0.000000000000000000 0.000000000000000000 1 0.000000000000000000
neuron 1 0.000000000000000000 0.000000000000000000 0.000000000000000000 0.000000000000000000 1 0.000000000000000000
neuron 1 0.000000000000000000 0.000000000000000000 0.000000000000000000 0.000000000000000000 1 0.000000000000000000
neuron 1 0.000000000000000000 0.000000000000000000 0.000000000000000000 0.000000000000000000 1 0.000000000000000000
neuron 1 0.000000000000000000 0.000000000000000000 0.000000000000000000 0.000000000000000000 1 0.000000000000000000
neuron 1 0.000000000000000000 0.000000000000000000 0.000000000000000000 0.000000000000000000 1 0.000000000000000000
neuron 1 0.000000000000000000 0.000000000000000000 0.000000000000000000 0.000000000000000000 1 0.000000000000000000
neuron 1 0.000000000000000000 0.000000000000000000 0.000000000000000000 0.000000000000000000 1 0.000000000000000000
neuron 1 0.000000000000000000 0.000000000000000000 0.000000000000000000 0.000000000000000000 1 0.000000000000000000
neuron 1 0.000000000000000000 0.000000000000000000 0.000000000000000000 0.000000000000000000 1 0.000000000000000000
neuron 1 0.000000000000000000 0.000000000000000000 0.000000000000000000 0.000000000000000000 1 0.000000000000000000
neuron 1 0.000000000000000000 0.000000000000000000 0.000000000000000000 0.000000000000000000 1 0.000000000000000000
neuron 1 0.000000000000000000 0.000000000000000000 0.000000000000000000 0.000000000000000000 1 0.000000000000000000
neuron 1 0.000000000000000000 0.000000000000000000 0.000000000000000000 0.000000000000000000 1 0.000000000000000000
neuron 1 0.000000000000000000 0.000000000000000000 0.000000000000000000 0.000000000000000000 1 0.000000000000000000
neuron 1 0.000000000000000000 0.000000000000000000 0.000000000000000000 0.000000000000000000 1 0.000000000000000000
neuron 1 0.000000000000000000 0.000000000000000000 0.000000000000000000 0.000000000000000000 1 0.000000000000000000
neuron 1 0.000000000000000000 0.000000000000000000 0.000000000000000000 0.000000000000000000 1 0.000000000000000000
neuron 1 0.000000000000000000 0.000000000000000000 0.000000000000000000 0.000000000000000000 1 0.000000000000000000
neuron 1 0.000000000000000000 0.000000000000000000 0.000000000000000000 0.000000000000000000 1 0.000000000000000000
neuron 1 0.000000000000000000 0.000000000000000000 0.000000000000000000 0.000000000000000000 1 0.000000000000000000
neuron 1 0.000000000000000000 0.000000000000000000 0.000000000000000000 0.000000000000000000 1 0.000000000000000000
neuron 1 0.000000000000000000 0.000000000000000000 0.000000000000000000 0.000000000000000000 1 0.000000000000000000
neuron 1 0.000000000000000000 0.000000000000000000 0.000000000000000000 0.000000000000000000 1 0.000000000000000000
neuron 1 0.000000000000000000 0.000000000000000000 0.000000000000000000 0.000000000000000000 1 0.000000000000000000
neuron 1 0.000000000000000000 0.000000000000000000 0.000000000000000000 0.000000000000000000 1 0.000000000000000000
neuron 1 0.000000000000000000 0.000000000000000000 0.000000000000000000 0.000000000000000000 1 0.000000000000000000
neuron 1 0.000000000000000000 0.000000000000000000 0.000000000000000000 0.000000000000000000 1 0.000000000000000000
neuron 1 0.000000000000000000 0.000000000000000000 0.000000000000000000 0.000000000000000000 1 0.000000000000000000
neuron 1 0.000000000000000000 0.000000000000000000 0.000000000000000000 0.000000000000000000 1 0.000000000000000000
neuron 2 0.000000000000000000 0.000000000000000000 0.000000000000000000 0.000000000000000000 1 0.000000000000000000
neuron 4 1.000000000000000000 0.000000000000000000 0.000000000000000000 0.000000000000000000 1 1.000000000000000000
neuron 4 1.000000000000000000 0.000000000000000000 0.000000000000000000 0.000000000000000000 1 1.000000000000000000
neuron 4 1.000000000000000000 0.000000000000000000 0.000000000000000000 0.000000000000000000 1 1.000000000000000000
neuron 4 1.000000000000000000 0.000000000000000000 0.000000000000000000 0.000000000000000000 1 1.000000000000000000
neuron 4 1.000000000000000000 0.000000000000000000 0.000000000000000000 0.000000000000000000 1 1.000000000000000000
neuron 3 1.000000000000000000 0.000000000000000000 0.000000000000000000 0.000000000000000000 1 0.500000000000000000
neuron 3 1.000000000000000000 0.000000000000000000 0.000000000000000000 0.000000000000000000 2 0.500000000000000000
neuron 3 1.000000000000000000 0.000000000000000000 0.000000000000000000 0.000000000000000000 1 0.500000000000000000
neuron 3 1.000000000000000000 0.000000000000000000 0.000000000000000000 0.000000000000000000 1 0.500000000000000000
neuron 3 1.000000000000000000 0.000000000000000000 0.000000000000000000 0.000000000000000000 1 0.500000000000000000
neuron 3 1.000000000000000000 0.000000000000000000 0.000000000000000000 0.000000000000000000 1 0.500000000000000000
neuron 3 1.000000000000000000 0.000000000000000000 0.000000000000000000 0.000000000000000000 1 0.500000000000000000
neuron 3 1.000000000000000000 0.000000000000000000 0.000000000000000000 0.000000000000000000 1 0.500000000000000000
neuron 3 1.000000000000000000 0.000000000000000000 0.000000000000000000 0.000000000000000000 1 0.500000000000000000
neuron 3 1.000000000000000000 0.000000000000000000 0.000000000000000000 0.000000000000000000 1 0.500000000000000000
neuron 3 1.000000000000000000 0.000000000000000000 0.000000000000000000 0.000000000000000000 1 0.250000000000000000
neuron 3 1.000000000000000000 0.000000000000000000 0.000000000000000000 0.000000000000000000 1 0.250000000000000000
neuron 3 1.000000000000000000 0.000000000000000000 0.000000000000000000 0.000000000000000000 1 0.250000000000000000
neuron 3 1.000000000000000000 0.000000000000000000 0.000000000000000000 0.000000000000000000 1 0.250000000000000000
neuron 3 1.000000000000000000 0.000000000000000000 0.000000000000000000 0.000000000000000000 1 0.250000000000000000
neuron 3 1.000000000000000000 0.000000000000000000 0.000000000000000000 0.000000000000000000 1 0.250000000000000000
neuron 3 1.000000000000000000 0.000000000000000000 0.000000000000000000 0.000000000000000000 1 0.250000000000000000
neuron 3 1.000000000000000000 0.000000000000000000 0.000000000000000000 0.000000000000000000 1 0.250000000000000000
connection 0 53 0.607010743813589215 0 0.299999999999999989 0.100000000000000006
connection 2 53 -0.150246693940061959 0 0.299999999999999989 0.100000000000000006
connection 3 53 0.389813306128417025 0 0.299999999999999989 0.100000000000000006
connection 4 53 2.351932322627746874 0 0.299999999999999989 0.100000000000000006
connection 5 53 -3.716407999520015437 0 0.299999999999999989 0.100000000000000006
connection 6 53 -2.103337908425601199 0 0.299999999999999989 0.100000000000000006
connection 8 53 -1.579444606089964509 0 0.299999999999999989 0.100000000000000006
connection 9 53 1.537678427645005286 0 0.299999999999999989 0.100000000000000006
connection 10 53 -2.429300768955727108 0 0.299999999999999989 0.100000000000000006
connection 11 53 4.139153174840430438 0 0.299999999999999989 0.100000000000000006
connection 12 53 1.453646958869740047 0 0.299999999999999989 0.100000000000000006
connection 13 53 -1.152758274693042040 0 0.299999999999999989 0.100000000000000006
connection 14 53 -1.433862280598400929 0 0.299999999999999989 0.100000000000000006
connection 15 53 -0.679138433421030641 0 0.299999999999999989 0.100000000000000006
connection 16 53 1.143268020008690655 0 0.299999999999999989 0.100000000000000006
connection 17 53 2.258625451519037597 0 0.299999999999999989 0.100000000000000006
connection 18 53 -0.087681321617470331 0 0.299999999999999989 0.100000000000000006
connection 19 53 1.475913370959460735 0 0.299999999999999989 0.100000000000000006
connection 21 53 0.947988739439324490 0 0.299999999999999989 0.100000000000000006
connection 22 53 -0.175794390982332516 0 0.299999999999999989 0.100000000000000006
connection 23 53 -0.546777833620126330 0 0.299999999999999989 0.100000000000000006
connection 24 53 -0.937603260586001852 0 0.299999999999999989 0.100000000000000006
connection 25 53 1.721661867989496386 0 0.299999999999999989 0.100000000000000006
connection 26 53 0.114329924996582122 0 0.299999999999999989 0.100000000000000006
connection 27 53 0.604844522345956648 0 0.299999999999999989 0.100000000000000006
connection 28 53 0.221744660666900018 0 0.299999999999999989 0.100000000000000006
connection 29 53 1.007898196001406177 0 0.299999999999999989 0.100000000000000006
connection 30 53 -4.571132530826616858 0 0.299999999999999989 0.100000000000000006
connection 31 53 0.185472497018054128 0 0.299999999999999989 0.100000000000000006
connection 32 53 3.403657097784162033 0 0.299999999999999989 0.100000000000000006
connection 33 53 -3.160301013576567897 0 0.299999999999999989 0.100000000000000006
connection 34 53 0.166952247424987377 0 0.299999999999999989 0.100000000000000006
connection 35 53 0.170800127321854234 0 0.299999999999999989 0.100000000000000006
connection 36 53 1.574702622257063922 0 0.299999999999999989 0.100000000000000006
connection 37 53 -0.819210998999551521 0 0.299999999999999989 0.100000000000000006
connection 38 53 1.913727333542186937 0 0.299999999999999989 0.100000000000000006
connection 39 53 -0.202321564851445146 0 0.299999999999999989 0.100000000000000006
connection 40 53 1.953213204020357807 0 0.299999999999999989 0.100000000000000006
connection 42 53 -0.828743220094111166 0 0.299999999999999989 0.100000000000000006
connection 43 53 -0.579318481344444081 0 0.299999999999999989 0.100000000000000006
connection 44 53 -3.285877180365769146 0 0.299999999999999989 0.100000000000000006
connection 45 53 2.012462727196949075 0 0.299999999999999989 0.100000000000000006
connection 46 53 -0.788657611802591418 0 0.299999999999999989 0.100000000000000006
connection 47 53 -1.504474029294215143 0 0.299999999999999989 0.100000000000000006
connection 0 54 3.442239132935355883 0 0.299999999999999989 0.100000000000000006
connection 1 54 1.389608914837680231 0 0.299999999999999989 0.100000000000000006
connection 2 54 -2.738040704678951442 0 0.299999999999999989 0.100000000000000006
connection 3 54 -0.682837979402393103 0 0.299999999999999989 0.100000000000000006
connection 4 54 0.299133498057926772 0 0.299999999999999989 0.100000000000000006
connection 5 54 -1.726132648188468011 0 0.299999999999999989 0.100000000000000006
connection 6 54 -0.635816383031169607 0 0.299999999999999989 0.100000000000000006
connection 7 54 -0.428970425207808148 0 0.299999999999999989 0.100000000000000006
connection 8 54 -0.836474270175209256 0 0.299999999999999989 0.100000000000000006
connection 9 54 3.607601755616393291 0 0.299999999999999989 0.100000000000000006
connection 10 54 -1.938546258403221145 0 0.299999999999999989 0.100000000000000006
connection 11 54 -0.380160418942978140 0 0.299999999999999989 0.100000000000000006
connection 12 54 -0.417034884300392150 0 0.299999999999999989 0.100000000000000006
connection 13 54 2.035208691686969829 0 0.299999999999999989 0.100000000000000006
connection 14 54 3.281141149568156834 0 0.299999999999999989 0.100000000000000006
connection 15 54 1.015360400313511491 0 0.299999999999999989 0.100000000000000006
connection 16 54 -0.699271178910295887 0 0.299999999999999989 0.100000000000000006
connection 17 54 -2.923024986389464175 0 0.299999999999999989 0.100000000000000006
connection 18 54 0.270852849082530156 0 0.299999999999999989 0.100000000000000006
connection 19 54 -1.449238165356291574 0 0.299999999999999989 0.100000000000000006
connection 20 54 -1.387627167185200960 0 0.299999999999999989 0.100000000000000006
connection 21 54 -1.297966173442546278 0 0.299999999999999989 0.100000000000000006
connection 22 54 3.189181397543652707 0 0.299999999999999989 0.100000000000000006
connection 23 54 -0.260500428918930993 0 0.299999999999999989 0.100000000000000006
connection 24 54 2.062728385335503845 0 0.299999999999999989 0.100000000000000006
connection 25 54 -0.177876479268888943 0 0.299999999999999989 0.100000000000000006
connection 26 54 1.372617283137515187 0 0.299999999999999989 0.100000000000000006
connection 27 54 -2.728547413935302757 0 0.299999999999999989 0.100000000000000006
connection 28 54 -0.909274231875315309 0 0.299999999999999989 0.100000000000000006
connection 29 54 3.805220703286636308 0 0.299999999999999989 0.100000000000000006
connection 30 54 -3.770467565947910771 0 0.299999999999999989 0.100000000000000006
connection 31 54 -0.505992434569634497 0 0.299999999999999989 0.100000000000000006
connection 32 54 0.205239534796874068 0 0.299999999999999989 0.100000000000000006
connection 33 54 -2.519041131970008340 0 0.299999999999999989 0.100000000000000006
connection 34 54 1.573834706376715076 0 0.299999999999999989 0.100000000000000006
connection 35 54 0.077301124563007306 0 0.299999999999999989 0.100000000000000006
connection 36 54 1.159947883435351823 0 0.299999999999999989 0.100000000000000006
connection 37 54 0.235335452488374619 0 0.299999999999999989 0.100000000000000006
connection 38 54 0.983992559873613004 0 0.299999999999999989 0.100000000000000006
connection 39 54 0.731719551837159088 0 0.299999999999999989 0.100000000000000006
connection 40 54 0.199583057314157486 0 0.299999999999999989 0.100000000000000006
connection 41 54 -0.678480902442718303 0 0.299999999999999989 0.100000000000000006
connection 42 54 -1.214561172993853688 0 0.299999999999999989 0.100000000000000006
connection 43 54 -0.689485961240279721 0 0.299999999999999989 0.100000000000000006
connection 44 54 2.143077241722494364 0 0.299999999999999989 0.100000000000000006
connection 45 54 0.936514099858868576 0 0.299999999999999989 0.100000000000000006
connection 46 54 -1.017317380290478468 0 0.299999999999999989 0.100000000000000006
connection 47 54 -2.516643501312763931 0 0.299999999999999989 0.100000000000000006
connection 0 55 -2.080391208570290473 0 0.299999999999999989 0.100000000000000006
connection 1 55 -0.309914005454629660 0 0.299999999999999989 0.100000000000000006
connection 2 55 2.415564365001046099 0 0.299999999999999989 0.100000000000000006
connection 3 55 2.431320608061241728 0 0.299999999999999989 0.100000000000000006
connection 4 55 3.063656939708835125 0 0.299999999999999989 0.100000000000000006
connection 5 55 2.579361343832033526 0 0.299999999999999989 0.100000000000000006
connection 6 55 -0.458184551638623816 0 0.299999999999999989 0.100000000000000006
connection 7 55 -0.309853738406673074 0 0.299999999999999989 0.100000000000000006
connection 8 55 0.196678068731671374 0 0.299999999999999989 0.100000000000000006
connection 9 55 2.203791981955873780 0 0.299999999999999989 0.100000000000000006
connection 10 55 0.170685238121450311 0 0.299999999999999989 0.100000000000000006
connection 11 55 -0.710690014511783374 0 0.299999999999999989 0.100000000000000006
connection 12 55 -0.658202352384250844 0 0.299999999999999989 0.100000000000000006
connection 14 55 -2.896807046072808589 0 0.299999999999999989 0.100000000000000006
connection 15 55 -0.226174113207207483 0 0.299999999999999989 0.100000000000000006
connection 16 55 -1.019652147392662300 0 0.299999999999999989 0.100000000000000006
connection 17 55 -1.221675569191575050 0 0.299999999999999989 0.100000000000000006
connection 18 55 -1.552550272608641535 0 0.299999999999999989 0.100000000000000006
connection 19 55 -4.057060682449048272 0 0.299999999999999989 0.100000000000000006
connection 20 55 -0.900919748935848475 0 0.299999999999999989 0.100000000000000006
connection 21 55 1.287135669641429558 0 0.299999999999999989 0.100000000000000006
connection 22 55 -2.929991763817042738 0 0.299999999999999989 0.100000000000000006
connection 23 55 0.867751518590201831 0 0.299999999999999989 0.100000000000000006
connection 24 55 2.208875094307586551 0 0.299999999999999989 0.100000000000000006
connection 25 55 -0.037130965606934296 0 0.299999999999999989 0.100000000000000006
connection 26 55 0.583872162823809049 0 0.299999999999999989 0.100000000000000006
connection 28 55 -1.096742074703797698 0 0.299999999999999989 0.100000000000000006
connection 29 55 1.480232545501166896 0 0.299999999999999989 0.100000000000000006
connection 30 55 -6.541957057865147362 0 0.299999999999999989 0.100000000000000006
connection 31 55 -2.611026094609769643 0 0.299999999999999989 0.100000000000000006
connection 32 55 -0.111676396698385361 0 0.299999999999999989 0.100000000000000006
connection 33 55 -1.664360913353448268 0 0.299999999999999989 0.100000000000000006
connection 34 55 -0.900312084802862955 0 0.299999999999999989 0.100000000000000006
connection 35 55 -2.682625729985375074 0 0.299999999999999989 0.100000000000000006
connection 36 55 -4.123104556030739332 0 0.299999999999999989 0.100000000000000006
connection 37 55 -0.481450671785751183 0 0.299999999999999989 0.100000000000000006
connection 38 55 0.451534847998345867 0 0.299999999999999989 0.100000000000000006
connection 39 55 -0.883509014965966344 0 0.299999999999999989 0.100000000000000006
connection 40 55 0.512480238965508761 0 0.299999999999999989 0.100000000000000006
connection 42 55 -0.827880437253043056 0 0.299999999999999989 0.100000000000000006
connection 43 55 0.410077593529138085 0 0.299999999999999989 0.100000000000000006
connection 44 55 -0.307771549225435592 0 0.299999999999999989 0.100000000000000006
connection 45 55 0.312389492407613378 0 0.299999999999999989 0.100000000000000006
connection 46 55 -1.216713853133114753 0 0.299999999999999989 0.100000000000000006
connection 47 55 0.477504382119150250 0 0.299999999999999989 0.100000000000000006
connection 0 56 -1.902411168068077529 0 0.299999999999999989 0.100000000000000006
connection 1 56 0.908533077432366554 0 0.299999999999999989 0.100000000000000006
connection 2 56 3.128509197119833551 0 0.299999999999999989 0.100000000000000006
connection 3 56 -1.059460560109073413 0 0.299999999999999989 0.100000000000000006
connection 4 56 0.457300940177447046 0 0.299999999999999989 0.100000000000000006
connection 5 56 1.253093484099736088 0 0.299999999999999989 0.100000000000000006
connection 6 56 2.534403983333049837 0 0.299999999999999989 0.100000000000000006
connection 7 56 1.843798775225877762 0 0.299999999999999989 0.100000000000000006
connection 8 56 -2.399564399331288733 0 0.299999999999999989 0.100000000000000006
connection 9 56 -0.616804362843140552 0 0.299999999999999989 0.100000000000000006
connection 10 56 2.974603504480000993 0 0.299999999999999989 0.100000000000000006
connection 11 56 -0.049996121850720776 0 0.299999999999999989 0.100000000000000006
connection 12 56 -2.024097315005402464 0 0.299999999999999989 0.100000000000000006
connection 13 56 0.981072458236416090 0 0.299999999999999989 0.100000000000000006
connection 14 56 1.300278195762075484 0 0.299999999999999989 0.100000000000000006
connection 15 56 1.529712344462264895 0 0.299999999999999989 0.100000000000000006
connection 16 56 0.896119446147508825 0 0.299999999999999989 0.100000000000000006
connection 17 56 -0.190563428330278839 0 0.299999999999999989 0.100000000000000006
connection 18 56 2.231740214532391686 0 0.299999999999999989 0.100000000000000006
connection 19 56 1.211956897376694542 0 0.299999999999999989 0.100000000000000006
connection 20 56 -1.228915082523599267 0 0.299999999999999989 0.100000000000000006
connection 21 56 -1.356952228943555383 0 0.299999999999999989 0.100000000000000006
connection 22 56 0.204349924577400088 0 0.299999999999999989 0.100000000000000006
connection 23 56 -2.714249466793262400 0 0.299999999999999989 0.100000000000000006
connection 24 56 -0.552088347962126136 0 0.299999999999999989 0.100000000000000006
connection 25 56 -1.284042346756905317 0 0.299999999999999989 0.100000000000000006
connection 26 56 -1.079842947305223788 0 0.299999999999999989 0.100000000000000006
connection 27 56 0.625051926436640315 0 0.299999999999999989 0.100000000000000006
connection 28 56 -0.387929488580311954 0 0.299999999999999989 0.100000000000000006
connection 29 56 3.944977987365746230 0 0.299999999999999989 0.100000000000000006
connection 30 56 -2.332175955897582753 0 0.299999999999999989 0.100000000000000006
connection 31 56 -0.815307392727845581 0 0.299999999999999989 0.100000000000000006
connection 32 56 1.864983280283922795 0 0.299999999999999989 0.100000000000000006
connection 33 56 2.707702155359129392 0 0.299999999999999989 0.100000000000000006
connection 34 56 1.499732381470948894 0 0.299999999999999989 0.100000000000000006
connection 35 56 -2.227210663366349763 0 0.299999999999999989 0.100000000000000006
connection 36 56 -1.871913117822259665 0 0.299999999999999989 0.100000000000000006
connection 38 56 -1.216436162968193457 0 0.299999999999999989 0.100000000000000006
connection 39 56 0.969735391903668642 0 0.299999999999999989 0.100000000000000006
connection 40 56 -0.597534490574698651 0 0.299999999999999989 0.100000000000000006
connection 41 56 -0.271129560773260891 0 0.299999999999999989 0.100000000000000006
connection 42 56 0.386390047059194330 0 0.299999999999999989 0.100000000000000006
connection 43 56 -2.095380546197702643 0 0.299999999999999989 0.100000000000000006
connection 44 56 -0.322347362991422415 0 0.299999999999999989 0.100000000000000006
connection 45 56 2.245114876819570782 0 0.299999999999999989 0.100000000000000006
connection 46 56 -2.535237012680653379 0 0.299999999999999989 0.100000000000000006
connection 47 56 -3.373758216872265514 0 0.299999999999999989 0.100000000000000006
connection 0 57 1.267227039679710288 0 0.299999999999999989 0.100000000000000006
connection 1 57 -0.951256299777924141 0 0.299999999999999989 0.100000000000000006
connection 2 57 -1.335647707443975651 0 0.299999999999999989 0.100000000000000006
connection 3 57 0.015389630926620157 0 0.299999999999999989 0.100000000000000006
connection 4 57 -0.993776470017110114 0 0.299999999999999989 0.100000000000000006
connection 6 57 -0.267569266345958567 0 0.299999999999999989 0.100000000000000006
connection 7 57 -0.404931784551545881 0 0.299999999999999989 0.100000000000000006
connection 8 57 -0.050488041364587843 0 0.299999999999999989 0.100000000000000006
connection 9 57 -2.261824645891465480 0 0.299999999999999989 0.100000000000000006
connection 10 57 -0.686546654877020046 0 0.299999999999999989 0.100000000000000006
connection 11 57 -0.206009024387640238 0 0.299999999999999989 0.100000000000000006
connection 12 57 0.835284766884797136 0 0.299999999999999989 0.100000000000000006
connection 13 57 0.625217006076127291 0 0.299999999999999989 0.100000000000000006
connection 14 57 -1.605865029218193740 0 0.299999999999999989 0.100000000000000006
connection 15 57 -2.495673983863525791 0 0.299999999999999989 0.100000000000000006
connection 16 57 0.195654837310952345 0 0.299999999999999989 0.100000000000000006
connection 17 57 2.361150332326360513 0 0.299999999999999989 0.100000000000000006
connection 18 57 -0.853126469731776638 0 0.299999999999999989 0.100000000000000006
connection 19 57 0.673515865346416831 0 0.299999999999999989 0.100000000000000006
connection 20 57 0.835064425133168697 0 0.299999999999999989 0.100000000000000006
connection 21 57 -2.548221926567521223 0 0.299999999999999989 0.100000000000000006
connection 22 57 -0.342878935140106478 0 0.299999999999999989 0.100000000000000006
connection 23 57 1.571654104395747709 0 0.299999999999999989 0.100000000000000006
connection 25 57 -3.104606208645236620 0 0.299999999999999989 0.100000000000000006
connection 26 57 2.084854469070340777 0 0.299999999999999989 0.100000000000000006
connection 27 57 1.778855624557763804 0 0.299999999999999989 0.100000000000000006
connection 28 57 0.392915097395416524 0 0.299999999999999989 0.100000000000000006
connection 29 57 -0.846067047305950837 0 0.299999999999999989 0.100000000000000006
connection 30 57 0.326319862389937043 0 0.299999999999999989 0.100000000000000006
connection 31 57 -0.455263263895176351 0 0.299999999999999989 0.100000000000000006
connection 32 57 1.077571329620592877 0 0.299999999999999989 0.100000000000000006
connection 33 57 -1.506024685870215762 0 0.299999999999999989 0.100000000000000006
connection 34 57 -0.354866615370610816 0 0.299999999999999989 0.100000000000000006
connection 35 57 0.845385274932596076 0 0.299999999999999989 0.100000000000000006
connection 36 57 1.499535355396715453 0 0.299999999999999989 0.100000000000000006
connection 37 57 -1.108518089866464607 0 0.299999999999999989 0.100000000000000006
connection 39 57 -0.950788031332194805 0 0.299999999999999989 0.100000000000000006
connection 40 57 1.691670018105469353 0 0.299999999999999989 0.100000000000000006
connection 41 57 -0.070496255224270499 0 0.299999999999999989 0.100000000000000006
connection 42 57 2.101422798917836232 0 0.299999999999999989 0.100000000000000006
connection 43 57 -0.413671553324093111 0 0.299999999999999989 0.100000000000000006
connection 44 57 -0.520061173017893452 0 0.299999999999999989 0.100000000000000006
connection 45 57 1.671935564139857888 0 0.299999999999999989 0.100000000000000006
connection 46 57 -0.756596604137257600 0 0.299999999999999989 0.100000000000000006
connection 47 57 -0.262531878892332315 0 0.299999999999999989 0.100000000000000006
connection 0 58 -1.248894127105359075 0 0.299999999999999989 0.100000000000000006
connection 1 58 -2.064877402396632533 0 0.299999999999999989 0.100000000000000006
connection 2 58 2.363375891451141797 0 0.299999999999999989 0.100000000000000006
connection 3 58 0.029537834228904103 0 0.299999999999999989 0.100000000000000006
connection 4 58 -1.278508392628282309 0 0.299999999999999989 0.100000000000000006
connection 5 58 0.577673565283475909 0 0.299999999999999989 0.100000000000000006
connection 6 58 -0.744592537828793866 0 0.299999999999999989 0.100000000000000006
connection 7 58 -3.265818039179976040 0 0.299999999999999989 0.100000000000000006
connection 8 58 1.143664806766519604 0 0.299999999999999989 0.100000000000000006
connection 9 58 -1.103334352823550191 0 0.299999999999999989 0.100000000000000006
connection 10 58 -0.890673275536444820 0 0.299999999999999989 0.100000000000000006
connection 11 58 0.757540461832080902 0 0.299999999999999989 0.100000000000000006
connection 12 58 1.241604616167023778 0 0.299999999999999989 0.100000000000000006
connection 13 58 -3.207040091670933180 0 0.299999999999999989 0.100000000000000006
connection 14 58 2.086886366146742944 0 0.299999999999999989 0.100000000000000006
connection 15 58 0.871903539555205498 0 0.299999999999999989 0.100000000000000006
connection 16 58 -1.838632645260076970 0 0.299999999999999989 0.100000000000000006
connection 17 58 -0.521941560857158038 0 0.299999999999999989 0.100000000000000006
connection 18 58 -2.906121425150104187 0 0.299999999999999989 0.100000000000000006
connection 19 58 0.631071482552215457 0 0.299999999999999989 0.100000000000000006
connection 20 58 -2.235907538473647094 0 0.299999999999999989 0.100000000000000006
connection 21 58 -2.034889193630078807 0 0.299999999999999989 0.100000000000000006
connection 22 58 0.062861871104473721 0 0.299999999999999989 0.100000000000000006
connection 23 58 -1.019015246128674335 0 0.299999999999999989 0.100000000000000006
connection 24 58 -3.760123082652398807 0 0.299999999999999989 0.100000000000000006
connection 25 58 0.947647898526156496 0 0.299999999999999989 0.100000000000000006
connection 26 58 -0.532427333809851078 0 0.299999999999999989 0.100000000000000006
connection 27 58 1.408627669736233656 0 0.299999999999999989 0.100000000000000006
connection 28 58 0.516265559257590212 0 0.299999999999999989 0.100000000000000006
connection 29 58 0.986044952802330954 0 0.299999999999999989 0.100000000000000006
connection 30 58 -1.166115066967904568 0 0.299999999999999989 0.100000000000000006
connection 31 58 -0.866082973079755902 0 0.299999999999999989 0.100000000000000006
connection 32 58 0.877297655451570790 0 0.299999999999999989 0.100000000000000006
connection 33 58 0.038830186007544398 0 0.299999999999999989 0.100000000000000006
connection 34 58 0.542408846245962195 0 0.299999999999999989 0.100000000000000006
connection 35 58 1.177339352451099330 0 0.299999999999999989 0.100000000000000006
connection 36 58 -3.426978375540784327 0 0.299999999999999989 0.100000000000000006
connection 37 58 -2.775292724403698230 0 0.299999999999999989 0.100000000000000006
connection 38 58 3.432259168950622552 0 0.299999999999999989 0.100000000000000006
connection 39 58 1.176037230390306831 0 0.299999999999999989 0.100000000000000006
connection 40 58 0.564049051783513278 0 0.299999999999999989 0.100000000000000006
connection 41 58 1.034159394279242861 0 0.299999999999999989 0.100000000000000006
connection 42 58 4.636778054433307261 0 0.299999999999999989 0.100000000000000006
connection 43 58 0.003206816363672260 0 0.299999999999999989 0.100000000000000006
connection 44 58 -1.868613258440745994 0 0.299999999999999989 0.100000000000000006
connection 45 58 -0.827657096961047500 0 0.299999999999999989 0.100000000000000006
connection 46 58 -0.069122086108109215 0 0.299999999999999989 0.100000000000000006
connection 47 58 0.701633001212030649 0 0.299999999999999989 0.100000000000000006
connection 0 59 0.814834941224944487 0 0.299999999999999989 0.100000000000000006
connection 1 59 -0.347458463110236204 0 0.299999999999999989 0.100000000000000006
connection 2 59 -0.230933435227598238 0 0.299999999999999989 0.100000000000000006
connection 3 59 -0.830056676810727367 0 0.299999999999999989 0.100000000000000006
connection 4 59 0.134639786556363106 0 0.299999999999999989 0.100000000000000006
connection 5 59 0.605471788161594304 0 0.299999999999999989 0.100000000000000006
connection 6 59 -1.120998767601122381 0 0.299999999999999989 0.100000000000000006
connection 7 59 0.461505832150578499 0 0.299999999999999989 0.100000000000000006
connection 8 59 -0.342784421321937316 0 0.299999999999999989 0.100000000000000006
connection 9 59 -0.853070156350440811 0 0.299999999999999989 0.100000000000000006
connection 10 59 -2.369932362297731743 0 0.299999999999999989 0.100000000000000006
connection 11 59 -1.330736303450066771 0 0.299999999999999989 0.100000000000000006
connection 12 59 4.779797962253951482 0 0.299999999999999989 0.100000000000000006
connection 13 59 0.109759378246963024 0 0.299999999999999989 0.100000000000000006
connection 14 59 4.037920138653134927 0 0.299999999999999989 0.100000000000000006
connection 15 59 3.075029776391147607 0 0.299999999999999989 0.100000000000000006
connection 16 59 0.337209859842005244 0 0.299999999999999989 0.100000000000000006
connection 17 59 1.976687139328177523 0 0.299999999999999989 0.100000000000000006
connection 19 59 0.243000987350215358 0 0.299999999999999989 0.100000000000000006
connection 20 59 -0.248887357218336547 0 0.299999999999999989 0.100000000000000006
connection 21 59 0.925466969609260559 0 0.299999999999999989 0.100000000000000006
connection 22 59 -0.105456904889933867 0 0.299999999999999989 0.100000000000000006
connection 23 59 -2.166678875207253441 0 0.299999999999999989 0.100000000000000006
connection 24 59 0.209833854576572776 0 0.299999999999999989 0.100000000000000006
connection 25 59 -1.076485583567773574 0 0.299999999999999989 0.100000000000000006
connection 26 59 0.516502757630405540 0 0.299999999999999989 0.100000000000000006
connection 27 59 -1.417223020896926755 0 0.299999999999999989 0.100000000000000006
connection 28 59 0.354661289835348725 0 0.299999999999999989 0.100000000000000006
connection 29 59 -0.812085207900963724 0 0.299999999999999989 0.100000000000000006
connection 30 59 2.002618488844746025 0 0.299999999999999989 0.100000000000000006
connection 31 59 -0.206401752509918879 0 0.299999999999999989 0.100000000000000006
connection 32 59 -1.696577749475181918 0 0.299999999999999989 0.100000000000000006
connection 33 59 3.076495757175052859 0 0.299999999999999989 0.100000000000000006
connection 34 59 0.390824010079995787 0 0.299999999999999989 0.100000000000000006
connection 35 59 2.624095293920277072 0 0.299999999999999989 0.100000000000000006
connection 36 59 -0.886553110409295186 0 0.299999999999999989 0.100000000000000006
connection 37 59 -1.116705137946748749 0 0.299999999999999989 0.100000000000000006
connection 38 59 0.369875699048861861 0 0.299999999999999989 0.100000000000000006
connection 39 59 0.520295134629122913 0 0.299999999999999989 0.100000000000000006
connection 40 59 0.718634492045566731 0 0.299999999999999989 0.100000000000000006
connection 41 59 0.809228391852229834 0 0.299999999999999989 0.100000000000000006
connection 42 59 -0.609535424853675067 0 0.299999999999999989 0.100000000000000006
connection 43 59 1.586431975910755909 0 0.299999999999999989 0.100000000000000006
connection 44 59 -3.796354895201147883 0 0.299999999999999989 0.100000000000000006
connection 45 59 -2.996782404000441602 0 0.299999999999999989 0.100000000000000006
connection 46 59 -1.328642403008416295 0 0.299999999999999989 0.100000000000000006
connection 47 59 2.429379707026782853 0 0.299999999999999989 0.100000000000000006
connection 0 60 0.133529691477633605 0 0.299999999999999989 0.100000000000000006
connection 1 60 -2.497159763008140576 0 0.299999999999999989 0.100000000000000006
connection 2 60 0.861764585832133889 0 0.299999999999999989 0.100000000000000006
connection 3 60 -1.745490166117546593 0 0.299999999999999989 0.100000000000000006
connection 4 60 1.489611000295553822 0 0.299999999999999989 0.100000000000000006
connection 5 60 -1.969091556034982204 0 0.299999999999999989 0.100000000000000006
connection 6 60 -1.551201504616983584 0 0.299999999999999989 0.100000000000000006
connection 7 60 0.581271930449929641 0 0.299999999999999989 0.100000000000000006
connection 8 60 -0.071795413958170684 0 0.299999999999999989 0.100000000000000006
connection 9 60 -1.167190013229628676 0 0.299999999999999989 0.100000000000000006
connection 10 60 0.193125738762319088 0 0.299999999999999989 0.100000000000000006
connection 11 60 -0.137047260193867260 0 0.299999999999999989 0.100000000000000006
connection 12 60 -0.807875044385582441 0 0.299999999999999989 0.100000000000000006
connection 13 60 -0.061036351742131956 0 0.299999999999999989 0.100000000000000006
connection 14 60 -0.219927016089059180 0 0.299999999999999989 0.100000000000000006
connection 15 60 -1.948117861817081575 0 0.299999999999999989 0.100000000000000006
connection 16 60 -0.211095395206029934 0 0.299999999999999989 0.100000000000000006
connection 17 60 0.079067557581431691 0 0.299999999999999989 0.100000000000000006
connection 18 60 1.171341313872289902 0 0.299999999999999989 0.100000000000000006
connection 19 60 0.606865219723260685 0 0.299999999999999989 0.100000000000000006
connection 20 60 -3.054847368957232412 0 0.299999999999999989 0.100000000000000006
connection 21 60 -1.361880183219909668 0 0.299999999999999989 0.100000000000000006
connection 22 60 0.257438880222929489 0 0.299999999999999989 0.100000000000000006
connection 23 60 0.719023018525092539 0 0.299999999999999989 0.100000000000000006
connection 24 60 -1.421365012719434162 0 0.299999999999999989 0.100000000000000006
connection 25 60 2.202689736370246010 0 0.299999999999999989 0.100000000000000006
connection 26 60 0.897004008010588549 0 0.299999999999999989 0.100000000000000006
connection 27 60 -0.261170770507305861 0 0.299999999999999989 0.100000000000000006
connection 28 60 -2.127539850047469372 0 0.299999999999999989 0.100000000000000006
connection 29 60 -1.478579825583437923 0 0.299999999999999989 0.100000000000000006
connection 30 60 2.400715536729421729 0 0.299999999999999989 0.100000000000000006
connection 31 60 -0.056231214432045817 0 0.299999999999999989 0.100000000000000006
connection 32 60 0.103874702006578445 0 0.299999999999999989 0.100000000000000006
connection 33 60 0.156968501447200648 0 0.299999999999999989 0.100000000000000006
connection 34 60 0.817925928977274452 0 0.299999999999999989 0.100000000000000006
connection 35 60 1.268814211574863293 0 0.299999999999999989 0.100000000000000006
connection 36 60 0.852098109259666003 0 0.299999999999999989 0.100000000000000006
connection 37 60 -1.402497848728671670 0 0.299999999999999989 0.100000000000000006
connection 38 60 0.915338505481940956 0 0.299999999999999989 0.100000000000000006
connection 39 60 0.302543579358825809 0 0.299999999999999989 0.100000000000000006
connection 40 60 0.522604293888434768 0 0.299999999999999989 0.100000000000000006
connection 41 60 -2.325896695213085508 0 0.299999999999999989 0.100000000000000006
connection 42 60 0.646269125523758703 0 0.299999999999999989 0.100000000000000006
connection 43 60 0.765108752064406872 0 0.299999999999999989 0.100000000000000006
connection 44 60 -0.502934621879830956 0 0.299999999999999989 0.100000000000000006
connection 45 60 -1.290079521437746735 0 0.299999999999999989 0.100000000000000006
connection 46 60 -1.665864462667601797 0 0.299999999999999989 0.100000000000000006
connection 47 60 0.390928626982570915 0 0.299999999999999989 0.100000000000000006
connection 0 61 2.992950040614232421 0 0.299999999999999989 0.100000000000000006
connection 3 61 -0.563287373719504103 0 0.299999999999999989 0.100000000000000006
connection 4 61 0.032924197822467249 0 0.299999999999999989 0.100000000000000006
connection 5 61 0.102742317422098495 0 0.299999999999999989 0.100000000000000006
connection 6 61 -1.852934762723066342 0 0.299999999999999989 0.100000000000000006
connection 7 61 -0.464188804069635808 0 0.299999999999999989 0.100000000000000006
connection 8 61 -2.894804180091341550 0 0.299999999999999989 0.100000000000000006
connection 9 61 -0.348547850240720436 0 0.299999999999999989 0.100000000000000006
connection 10 61 -0.998920156181611674 0 0.299999999999999989 0.100000000000000006
connection 11 61 -1.125560480873900815 0 0.299999999999999989 0.100000000000000006
connection 12 61 0.037338291098421905 0 0.299999999999999989 0.100000000000000006
connection 13 61 0.350669298936054474 0 0.299999999999999989 0.100000000000000006
connection 14 61 -2.010832270353603235 0 0.299999999999999989 0.100000000000000006
connection 16 61 -3.270304675971260622 0 0.299999999999999989 0.100000000000000006
connection 17 61 -0.989498996925249230 0 0.299999999999999989 0.100000000000000006
connection 18 61 -0.044244062451980426 0 0.299999999999999989 0.100000000000000006
connection 19 61 -1.635151273250812665 0 0.299999999999999989 0.100000000000000006
connection 20 61 -4.250389091552278842 0 0.299999999999999989 0.100000000000000006
connection 21 61 -0.625532907587512454 0 0.299999999999999989 0.100000000000000006
connection 22 61 1.117300952224297816 0 0.299999999999999989 0.100000000000000006
connection 23 61 0.020700380895050330 0 0.299999999999999989 0.100000000000000006
connection 24 61 -0.322296253041486125 0 0.299999999999999989 0.100000000000000006
connection 25 61 -0.337359712073521223 0 0.299999999999999989 0.100000000000000006
connection 26 61 -1.534647468197363196 0 0.299999999999999989 0.100000000000000006
connection 27 61 0.227652627156203380 0 0.299999999999999989 0.100000000000000006
connection 28 61 -1.607230728946547060 0 0.299999999999999989 0.100000000000000006
connection 29 61 0.359250401008239351 0 0.299999999999999989 0.100000000000000006
connection 30 61 2.117785773559262452 0 0.299999999999999989 0.100000000000000006
connection 31 61 -1.164225521017215215 0 0.299999999999999989 0.100000000000000006
connection 32 61 -1.749281086726114154 0 0.299999999999999989 0.100000000000000006
connection 33 61 1.063235794194042683 0 0.299999999999999989 0.100000000000000006
connection 34 61 -0.365472420358855743 0 0.299999999999999989 0.100000000000000006
connection 35 61 -1.247215856950788293 0 0.299999999999999989 0.100000000000000006
connection 36 61 1.872030245557652961 0 0.299999999999999989 0.100000000000000006
connection 37 61 0.999298638414893192 0 0.299999999999999989 0.100000000000000006
connection 38 61 -1.645683331778855063 0 0.299999999999999989 0.100000000000000006
connection 39 61 -2.977343315258622169 0 0.299999999999999989 0.100000000000000006
connection 40 61 0.646032911714428337 0 0.299999999999999989 0.100000000000000006
connection 41 61 1.057602444467192981 0 0.299999999999999989 0.100000000000000006
connection 43 61 -0.442438870173710752 0 0.299999999999999989 0.100000000000000006
connection 44 61 -0.743385683559608879 0 0.299999999999999989 0.100000000000000006
connection 45 61 -0.194463691674172878 0 0.299999999999999989 0.100000000000000006
connection 46 61 1.129394046304241783 0 0.299999999999999989 0.100000000000000006
connection 47 61 -3.661398088774149073 0 0.299999999999999989 0.100000000000000006
connection 0 62 -2.143416723203245056 0 0.299999999999999989 0.100000000000000006
connection 1 62 -1.996448897523805499 0 0.299999999999999989 0.100000000000000006
connection 2 62 -0.061394507763907313 0 0.299999999999999989 0.100000000000000006
connection 3 62 -0.748080353596932923 0 0.299999999999999989 0.100000000000000006
connection 4 62 -0.714592909179877722 0 0.299999999999999989 0.100000000000000006
connection 5 62 -2.069007541176688392 0 0.299999999999999989 0.100000000000000006
connection 6 62 -0.902041670866310596 0 0.299999999999999989 0.100000000000000006
connection 7 62 -0.878440144363139552 0 0.299999999999999989 0.100000000000000006
connection 8 62 0.692817571340128779 0 0.299999999999999989 0.100000000000000006
connection 9 62 0.086511110281207948 0 0.299999999999999989 0.100000000000000006
connection 10 62 1.048796996474266052 0 0.299999999999999989 0.100000000000000006
connection 11 62 -0.458601459721649007 0 0.299999999999999989 0.100000000000000006
connection 13 62 -1.037753850383523968 0 0.299999999999999989 0.100000000000000006
connection 14 62 -0.297313804126360992 0 0.299999999999999989 0.100000000000000006
connection 15 62 -2.278377621371873829 0 0.299999999999999989 0.100000000000000006
connection 16 62 1.699922980621329405 0 0.299999999999999989 0.100000000000000006
connection 17 62 1.911706678853144048 0 0.299999999999999989 0.100000000000000006
connection 18 62 2.912310922528376977 0 0.299999999999999989 0.100000000000000006
connection 19 62 0.639610841353032811 0 0.299999999999999989 0.100000000000000006
connection 20 62 2.035777274115389446 0 0.299999999999999989 0.100000000000000006
connection 21 62 1.225255776739743396 0 0.299999999999999989 0.100000000000000006
connection 22 62 1.762131457304349169 0 0.299999999999999989 0.100000000000000006
connection 23 62 -4.150045403976323044 0 0.299999999999999989 0.100000000000000006
connection 24 62 0.906228012562792173 0 0.299999999999999989 0.100000000000000006
connection 25 62 -1.656386530026793480 0 0.299999999999999989 0.100000000000000006
connection 26 62 5.827280441488255747 0 0.299999999999999989 0.100000000000000006
connection 27 62 0.434979833005854744 0 0.299999999999999989 0.100000000000000006
connection 28 62 0.131755071226507425 0 0.299999999999999989 0.100000000000000006
connection 29 62 -0.609618332367062976 0 0.299999999999999989 0.100000000000000006
connection 30 62 0.382458222376983514 0 0.299999999999999989 0.100000000000000006
connection 31 62 -1.606484114890918136 0 0.299999999999999989 0.100000000000000006
connection 32 62 0.706369739016281528 0 0.299999999999999989 0.100000000000000006
connection 33 62 -0.706182130292290822 0 0.299999999999999989 0.100000000000000006
connection 34 62 -1.875556192215299234 0 0.299999999999999989 0.100000000000000006
connection 35 62 4.013578573649283499 0 0.299999999999999989 0.100000000000000006
connection 36 62 0.117360789301812929 0 0.299999999999999989 0.100000000000000006
connection 37 62 1.885228418595943367 0 0.299999999999999989 0.100000000000000006
connection 38 62 -0.034859582679928280 0 0.299999999999999989 0.100000000000000006
connection 39 62 4.145776518569618929 0 0.299999999999999989 0.100000000000000006
connection 40 62 -0.358551655546459624 0 0.299999999999999989 0.100000000000000006
connection 41 62 -0.682034329219277424 0 0.299999999999999989 0.100000000000000006
connection 42 62 0.535522484919056296 0 0.299999999999999989 0.100000000000000006
connection 43 62 1.378753405738279980 0 0.299999999999999989 0.100000000000000006
connection 44 62 -0.680769660876535454 0 0.299999999999999989 0.100000000000000006
connection 45 62 -1.046737621070085167 0 0.299999999999999989 0.100000000000000006
connection 46 62 5.698603072099416522 0 0.299999999999999989 0.100000000000000006
connection 47 62 1.465430677053518593 0 0.299999999999999989 0.100000000000000006
connection 53 48 0.934351594652980566 0 0.299999999999999989 0.100000000000000006
connection 54 48 -3.105731375181221665 0 0.299999999999999989 0.100000000000000006
connection 55 48 2.059373414822061932 0 0.299999999999999989 0.100000000000000006
connection 56 48 0.992166814302436251 0 0.299999999999999989 0.100000000000000006
connection 57 48 0.651204583572621232 0 0.299999999999999989 0.100000000000000006
connection 58 48 -1.944004303682959289 0 0.299999999999999989 0.100000000000000006
connection 59 48 0.321831351611763239 0 0.299999999999999989 0.100000000000000006
connection 60 48 1.787444420902488673 0 0.299999999999999989 0.100000000000000006
connection 61 48 1.121300583907213877 0 0.299999999999999989 0.100000000000000006
connection 62 48 2.423864474380025058 0 0.299999999999999989 0.100000000000000006
connection 53 49 -2.209861981348694826 0 0.299999999999999989 0.100000000000000006
connection 54 49 -2.292510107028647326 0 0.299999999999999989 0.100000000000000006
connection 55 49 -1.459826567908748984 0 0.299999999999999989 0.100000000000000006
connection 56 49 -1.022679960820823908 0 0.299999999999999989 0.100000000000000006
connection 57 49 -0.605105007383826887 0 0.299999999999999989 0.100000000000000006
connection 58 49 0.650625038148973545 0 0.299999999999999989 0.100000000000000006
connection 59 49 -0.271305118433701864 0 0.299999999999999989 0.100000000000000006
connection 60 49 -0.954154003760777414 0 0.299999999999999989 0.100000000000000006
connection 61 49 -0.718536573545861756 0 0.299999999999999989 0.100000000000000006
connection 62 49 0.299942428944632411 0 0.299999999999999989 0.100000000000000006
connection 53 50 0.107068313038325869 0 0.299999999999999989 0.100000000000000006
connection 55 50 -0.525904663463734323 0 0.299999999999999989 0.100000000000000006
connection 56 50 -0.448747031856328249 0 0.299999999999999989 0.100000000000000006
connection 57 50 -0.270185427907563280 0 0.299999999999999989 0.100000000000000006
connection 58 50 -5.155193251231139584 0 0.299999999999999989 0.100000000000000006
connection 59 50 1.059760679956525564 0 0.299999999999999989 0.100000000000000006
connection 60 50 1.621630538720637560 0 0.299999999999999989 0.100000000000000006
connection 61 50 1.922671024712940380 0 0.299999999999999989 0.100000000000000006
connection 62 50 1.132000731897278456 0 0.299999999999999989 0.100000000000000006
connection 53 51 -0.215765750608625240 0 0.299999999999999989 0.100000000000000006
connection 54 51 -0.009469396201893687 0 0.299999999999999989 0.100000000000000006
connection 55 51 -1.155358561512002780 0 0.299999999999999989 0.100000000000000006
connection 56 51 -2.543045916791925265 0 0.299999999999999989 0.100000000000000006
connection 57 51 0.584697952438546054 0 0.299999999999999989 0.100000000000000006
connection 58 51 1.798654349596292334 0 0.299999999999999989 0.100000000000000006
connection 59 51 1.622633300252346089 0 0.299999999999999989 0.100000000000000006
connection 60 51 -0.370013589204972959 0 0.299999999999999989 0.100000000000000006
connection 61 51 0.052113293437287211 0 0.299999999999999989 0.100000000000000006
connection 62 51 -2.659500491006838274 0 0.299999999999999989 0.100000000000000006
connection 53 52 -2.837795907869690382 0 0.299999999999999989 0.100000000000000006
connection 54 52 -0.021366231472597974 0 0.299999999999999989 0.100000000000000006
connection 55 52 2.855775541261209582 0 0.299999999999999989 0.100000000000000006
connection 56 52 -1.242181121651810827 0 0.299999999999999989 0.100000000000000006
connection 57 52 -2.034450501249011722 0 0.299999999999999989 0.100000000000000006
connection 58 52 0.680782707859179936 0 0.299999999999999989 0.100000000000000006
connection 59 52 2.175576672681927448 0 0.299999999999999989 0.100000000000000006
connection 60 52 -1.436029131757095456 0 0.299999999999999989 0.100000000000000006
connection 61 52 -0.064859181440624525 0 0.299999999999999989 0.100000000000000006
connection 62 52 -0.192352472693528398 0 0.299999999999999989 0.100000000000000006
connection 47 48 -0.390070721074152971 0 0.299999999999999989 0.100000000000000006
connection 47 49 -1.943199179477232974 0 0.299999999999999989 0.100000000000000006
connection 47 50 0.512637756211915985 0 0.299999999999999989 0.100000000000000006
connection 47 51 -1.173817829694598913 0 0.299999999999999989 0.100000000000000006
connection 47 52 -0.807559420820325613 0 0.299999999999999989 0.100000000000000006
connection 48 54 0.755979923764243722 1 0.299999999999999989 0.100000000000000006
connection 48 62 1.035801381804049015 1 0.299999999999999989 0.100000000000000006
connection 0 50 -0.419146558735519648 0 0.299999999999999989 0.100000000000000006
connection 39 48 0.254474408691748977 0 0.299999999999999989 0.100000000000000006
connection 13 48 0.098827208857983351 0 0.299999999999999989 0.100000000000000006
connection 6 50 0.441874393261969090 0 0.299999999999999989 0.100000000000000006
connection 56 53 0.732603998621925712 0 0.299999999999999989 0.100000000000000006
connection 50 56 0.236034385394304991 1 0.299999999999999989 0.100000000000000006
connection 54 57 0.232728494098410010 0 0.299999999999999989 0.100000000000000006
connection 27 48 0.777935373596847057 0 0.299999999999999989 0.100000000000000006
connection 20 63 -0.143133697332814336 0 0.299999999999999989 0.100000000000000006
connection 63 53 0.585451379651203752 0 0.299999999999999989 0.100000000000000006
connection 38 64 -0.669647103641182184 0 0.299999999999999989 0.100000000000000006
connection 64 58 0.100758871529251337 0 0.299999999999999989 0.100000000000000006
connection 39 65 0.504310463787987828 0 0.299999999999999989 0.100000000000000006
connection 65 60 -0.118156346492469311 0 0.299999999999999989 0.100000000000000006
connection 38 65 -0.156479389872401953 0 0.299999999999999989 0.100000000000000006
connection 33 66 -0.482749987859278917 0 0.299999999999999989 0.100000000000000006
connection 66 57 0.764474031282588840 0 0.299999999999999989 0.100000000000000006
connection 48 66 -0.051261568209156394 1 0.299999999999999989 0.100000000000000006
connection 46 64 0.226242696400731802 0 0.299999999999999989 0.100000000000000006
connection 18 67 0.771218809066340327 0 0.299999999999999989 0.100000000000000006
connection 67 59 0.506530612474307418 0 0.299999999999999989 0.100000000000000006
connection 7 68 -0.081330946879461408 0 0.299999999999999989 0.100000000000000006
connection 68 53 -0.640892720548436046 0 0.299999999999999989 0.100000000000000006
connection 38 69 0.156626019859686494 0 0.299999999999999989 0.100000000000000006
connection 69 57 -0.421085924608632922 0 0.299999999999999989 0.100000000000000006
connection 5 70 0.903291637543588877 0 0.299999999999999989 0.100000000000000006
connection 70 57 0.121314193354919553 0 0.299999999999999989 0.100000000000000006
NNend

