NNstart
48 5
neuron 1 0.000000000000000000 0.000000000000000000 0.000000000000000000 0.000000000000000000 1 0.000000000000000000
neuron 1 0.000000000000000000 0.000000000000000000 0.000000000000000000 0.000000000000000000 1 0.000000000000000000
neuron 1 0.000000000000000000 0.000000000000000000 0.000000000000000000 0.000000000000000000 1 0.000000000000000000
neuron 1 0.000000000000000000 0.000000000000000000 0.000000000000000000 0.000000000000000000 1 0.000000000000000000
neuron 1 0.000000000000000000 0.000000000000000000 0.000000000000000000 0.000000000000000000 1 0.000000000000000000
neuron 1 0.000000000000000000 0.000000000000000000 0.000000000000000000 0.000000000000000000 1 0.000000000000000000
neuron 1 0.000000000000000000 0.000000000000000000 0.000000000000000000 0.000000000000000000 1 0.000000000000000000
neuron 1 0.000000000000000000 0.000000000000000000 0.000000000000000000 0.000000000000000000 1 0.000000000000000000
neuron 1 0.000000000000000000 0.000000000000000000 0.000000000000000000 0.000000000000000000 1 0.000000000000000000
neuron 1 0.000000000000000000 0.000000000000000000 0.000000000000000000 0.000000000000000000 1 0.000000000000000000
neuron 1 0.000000000000000000 0.000000000000000000 0.000000000000000000 0.000000000000000000 1 0.000000000000000000
neuron 1 0.000000000000000000 0.000000000000000000 0.000000000000000000 0.000000000000000000 1 0.000000000000000000
neuron 1 0.000000000000000000 0.000000000000000000 0.000000000000000000 0.000000000000000000 1 0.000000000000000000
neuron 1 0.000000000000000000 0.000000000000000000 0.000000000000000000 0.000000000000000000 1 0.000000000000000000
neuron 1 0.000000000000000000 0.000000000000000000 0.000000000000000000 0.000000000000000000 1 0.000000000000000000
neuron 1 0.000000000000000000 0.000000000000000000 0.000000000000000000 0.000000000000000000 1 0.000000000000000000
neuron 1 0.000000000000000000 0.000000000000000000 0.000000000000000000 0.000000000000000000 1 0.000000000000000000
neuron 1 0.000000000000000000 0.000000000000000000 0.000000000000000000 0.000000000000000000 1 0.000000000000000000
neuron 1 0.000000000000000000 0.000000000000000000 0.000000000000000000 0.000000000000000000 1 0.000000000000000000
neuron 1 0.000000000000000000 0.000000000000000000 0.000000000000000000 0.000000000000000000 1 0.000000000000000000
neuron 1 0.000000000000000000 0.000000000000000000 0.000000000000000000 0.000000000000000000 1 0.000000000000000000
neuron 1 0.000000000000000000 0.000000000000000000 0.000000000000000000 0.000000000000000000 1 0.000000000000000000
neuron 1 0.000000000000000000 0.000000000000000000 0.000000000000000000 0.000000000000000000 1 0.000000000000000000
neuron 1 0.000000000000000000 0.000000000000000000 0.000000000000000000 0.000000000000000000 1 0.000000000000000000
neuron 1 0.000000000000000000 0.000000000000000000 0.000000000000000000 0.000000000000000000 1 0.000000000000000000
neuron 1 0.000000000000000000 0.000000000000000000 0.000000000000000000 0.000000000000000000 1 0.000000000000000000
neuron 1 0.000000000000000000 0.000000000000000000 0.000000000000000000 0.000000000000000000 1 0.000000000000000000
neuron 1 0.000000000000000000 0.000000000000000000 0.000000000000000000 0.000000000000000000 1 0.000000000000000000
neuron 1 0.000000000000000000 0.000000000000000000 0.000000000000000000 0.000000000000000000 1 0.000000000000000000
neuron 1 0.000000000000000000 0.000000000000000000 0.000000000000000000 0.000000000000000000 1 0.000000000000000000
neuron 1 0.000000000000000000 0.000000000000000000 0.000000000000000000 0.000000000000000000 1 0.000000000000000000
neuron 1 0.000000000000000000 0.000000000000000000 0.000000000000000000 0.000000000000000000 1 0.000000000000000000
neuron 1 0.000000000000000000 0.000000000000000000 0.000000000000000000 0.000000000000000000 1 0.000000000000000000
neuron 1 0.000000000000000000 0.000000000000000000 0.000000000000000000 0.000000000000000000 1 0.000000000000000000
neuron 1 0.000000000000000000 0.000000000000000000 0.000000000000000000 0.000000000000000000 1 0.000000000000000000
neuron 1 0.000000000000000000 0.000000000000000000 0.000000000000000000 0.000000000000000000 1 0.000000000000000000
neuron 1 0.000000000000000000 0.000000000000000000 0.000000000000000000 0.000000000000000000 1 0.000000000000000000
neuron 1 0.000000000000000000 0.000000000000000000 0.000000000000000000 0.000000000000000000 1 0.000000000000000000
neuron 1 0.000000000000000000 0.000000000000000000 0.000000000000000000 0.000000000000000000 1 0.000000000000000000
neuron 1 0.000000000000000000 0.000000000000000000 0.000000000000000000 0.000000000000000000 1 0.000000000000000000
neuron 1 0.000000000000000000 0.000000000000000000 0.000000000000000000 0.000000000000000000 1 0.000000000000000000
neuron 1 0.000000000000000000 0.000000000000000000 0.000000000000000000 0.000000000000000000 1 0.000000000000000000
neuron 1 0.000000000000000000 0.000000000000000000 0.000000000000000000 0.000000000000000000 1 0.000000000000000000
neuron 1 0.000000000000000000 0.000000000000000000 0.000000000000000000 0.000000000000000000 1 0.000000000000000000
neuron 1 0.000000000000000000 0.000000000000000000 0.000000000000000000 0.000000000000000000 1 0.000000000000000000
neuron 1 0.000000000000000000 0.000000000000000000 0.000000000000000000 0.000000000000000000 1 0.000000000000000000
neuron 1 0.000000000000000000 0.000000000000000000 0.000000000000000000 0.000000000000000000 1 0.000000000000000000
neuron 2 0.000000000000000000 0.000000000000000000 0.000000000000000000 0.000000000000000000 1 0.000000000000000000
neuron 4 1.000000000000000000 0.000000000000000000 0.000000000000000000 0.000000000000000000 1 1.000000000000000000
neuron 4 1.000000000000000000 0.000000000000000000 0.000000000000000000 0.000000000000000000 1 1.000000000000000000
neuron 4 1.000000000000000000 0.000000000000000000 0.000000000000000000 0.000000000000000000 1 1.000000000000000000
neuron 4 1.000000000000000000 0.000000000000000000 0.000000000000000000 0.000000000000000000 1 1.000000000000000000
neuron 4 1.000000000000000000 0.000000000000000000 0.000000000000000000 0.000000000000000000 1 1.000000000000000000
neuron 3 1.000000000000000000 0.000000000000000000 0.000000000000000000 0.000000000000000000 1 0.500000000000000000
neuron 3 1.000000000000000000 0.000000000000000000 0.000000000000000000 0.000000000000000000 1 0.500000000000000000
neuron 3 1.000000000000000000 0.000000000000000000 0.000000000000000000 0.000000000000000000 1 0.500000000000000000
neuron 3 1.000000000000000000 0.000000000000000000 0.000000000000000000 0.000000000000000000 1 0.500000000000000000
neuron 3 1.000000000000000000 0.000000000000000000 0.000000000000000000 0.000000000000000000 1 0.500000000000000000
neuron 3 1.000000000000000000 0.000000000000000000 0.000000000000000000 0.000000000000000000 1 0.500000000000000000
neuron 3 1.000000000000000000 0.000000000000000000 0.000000000000000000 0.000000000000000000 1 0.500000000000000000
neuron 3 1.000000000000000000 0.000000000000000000 0.000000000000000000 0.000000000000000000 1 0.500000000000000000
neuron 3 1.000000000000000000 0.000000000000000000 0.000000000000000000 0.000000000000000000 1 0.500000000000000000
neuron 3 1.000000000000000000 0.000000000000000000 0.000000000000000000 0.000000000000000000 1 0.500000000000000000
neuron 3 1.000000000000000000 0.000000000000000000 0.000000000000000000 0.000000000000000000 4 0.750000000000000000
neuron 3 1.000000000000000000 0.000000000000000000 0.000000000000000000 0.000000000000000000 1 0.250000000000000000
neuron 3 1.000000000000000000 0.000000000000000000 0.000000000000000000 0.000000000000000000 1 0.250000000000000000
neuron 3 1.000000000000000000 0.000000000000000000 0.000000000000000000 0.000000000000000000 1 0.250000000000000000
neuron 3 1.000000000000000000 0.000000000000000000 0.000000000000000000 0.000000000000000000 1 0.250000000000000000
neuron 3 1.000000000000000000 0.000000000000000000 0.000000000000000000 0.000000000000000000 1 0.250000000000000000
connection 0 53 1.930451322527687807 0 0.299999999999999989 0.100000000000000006
connection 1 53 -0.797597060126359558 0 0.299999999999999989 0.100000000000000006
connection 2 53 -0.661309478105977178 0 0.299999999999999989 0.100000000000000006
connection 4 53 0.088942240923643112 0 0.299999999999999989 0.100000000000000006
connection 5 53 2.333531574404332787 0 0.299999999999999989 0.100000000000000006
connection 6 53 -1.028186427196487784 0 0.299999999999999989 0.100000000000000006
connection 7 53 2.620902797607413959 0 0.299999999999999989 0.100000000000000006
connection 8 53 -3.659901043880381621 0 0.299999999999999989 0.100000000000000006
connection 9 53 -0.325879897456616163 0 0.299999999999999989 0.100000000000000006
connection 10 53 -0.270115555264055729 0 0.299999999999999989 0.100000000000000006
connection 11 53 0.238273818538392135 0 0.299999999999999989 0.100000000000000006
connection 12 53 0.040525629883632064 0 0.299999999999999989 0.100000000000000006
connection 13 53 1.386193579851806135 0 0.299999999999999989 0.100000000000000006
connection 14 53 0.020339445560239255 0 0.299999999999999989 0.100000000000000006
connection 15 53 -0.229455255515858880 0 0.299999999999999989 0.100000000000000006
connection 16 53 -1.407323869138053851 0 0.299999999999999989 0.100000000000000006
connection 17 53 1.663399068711441942 0 0.299999999999999989 0.100000000000000006
connection 18 53 0.228236922528594732 0 0.299999999999999989 0.100000000000000006
connection 19 53 -1.843669058725936338 0 0.299999999999999989 0.100000000000000006
connection 20 53 -2.493693241962319007 0 0.299999999999999989 0.100000000000000006
connection 21 53 -0.632869911729358137 0 0.299999999999999989 0.100000000000000006
connection 22 53 -1.198092371001621359 0 0.299999999999999989 0.100000000000000006
connection 23 53 0.828284433358930983 0 0.299999999999999989 0.100000000000000006
connection 24 53 -0.700633539468981326 0 0.299999999999999989 0.100000000000000006
connection 25 53 -0.053719156654551625 0 0.299999999999999989 0.100000000000000006
connection 26 53 0.861883770141503192 0 0.299999999999999989 0.100000000000000006
connection 27 53 -0.151245956501952605 0 0.299999999999999989 0.100000000000000006
connection 28 53 -1.063358487931431284 0 0.299999999999999989 0.100000000000000006
connection 29 53 0.611892687506042421 0 0.299999999999999989 0.100000000000000006
connection 30 53 -0.517760919443048806 0 0.299999999999999989 0.100000000000000006
connection 31 53 0.301573386443521940 0 0.299999999999999989 0.100000000000000006
connection 32 53 0.105773558141663671 0 0.299999999999999989 0.100000000000000006
connection 33 53 -0.412687820615246892 0 0.299999999999999989 0.100000000000000006
connection 34 53 -2.559887870944294264 0 0.299999999999999989 0.100000000000000006
connection 35 53 0.480584314375505528 0 0.299999999999999989 0.100000000000000006
connection 36 53 -1.373443892240175046 0 0.299999999999999989 0.100000000000000006
connection 37 53 -0.434910502750426531 0 0.299999999999999989 0.100000000000000006
connection 38 53 0.214016617392189801 0 0.299999999999999989 0.100000000000000006
connection 39 53 -0.116871321184589760 0 0.299999999999999989 0.100000000000000006
connection 40 53 1.044947244687136845 0 0.299999999999999989 0.100000000000000006
connection 41 53 1.750577431437704945 0 0.299999999999999989 0.100000000000000006
connection 42 53 0.106657907133921981 0 0.299999999999999989 0.100000000000000006
connection 43 53 0.188136031385511160 0 0.299999999999999989 0.100000000000000006
connection 44 53 -1.113494852314033778 0 0.299999999999999989 0.100000000000000006
connection 45 53 -1.248433093482162803 0 0.299999999999999989 0.100000000000000006
connection 46 53 1.702292131345529924 0 0.299999999999999989 0.100000000000000006
connection 47 53 -2.000498056901051314 0 0.299999999999999989 0.100000000000000006
connection 0 54 -1.057165654608979821 0 0.299999999999999989 0.100000000000000006
connection 1 54 0.542966094508301467 0 0.299999999999999989 0.100000000000000006
connection 2 54 0.348532743286341429 0 0.299999999999999989 0.100000000000000006
connection 3 54 0.883169807795638917 0 0.299999999999999989 0.100000000000000006
connection 4 54 1.010387063637608662 0 0.299999999999999989 0.100000000000000006
connection 5 54 0.745525995600019087 0 0.299999999999999989 0.100000000000000006
connection 6 54 0.159980459487996995 0 0.299999999999999989 0.100000000000000006
connection 7 54 0.151034855050966144 0 0.299999999999999989 0.100000000000000006
connection 8 54 -2.657296896290290533 0 0.299999999999999989 0.100000000000000006
connection 9 54 0.018647116432475741 0 0.299999999999999989 0.100000000000000006
connection 10 54 -0.309947116431111169 0 0.299999999999999989 0.100000000000000006
connection 11 54 -0.766499155133715249 0 0.299999999999999989 0.100000000000000006
connection 12 54 0.940561360912397504 0 0.299999999999999989 0.100000000000000006
connection 13 54 -0.284828515723347664 0 0.299999999999999989 0.100000000000000006
connection 14 54 0.538403156370051761 0 0.299999999999999989 0.100000000000000006
connection 15 54 -0.060828681162092835 0 0.299999999999999989 0.100000000000000006
connection 16 54 -0.189004513842519373 0 0.299999999999999989 0.100000000000000006
connection 17 54 0.493035283881908981 0 0.299999999999999989 0.100000000000000006
connection 18 54 -0.243615500818542330 0 0.299999999999999989 0.100000000000000006
connection 19 54 -1.111825943513395032 0 0.299999999999999989 0.100000000000000006
connection 20 54 -0.398298330543184420 0 0.299999999999999989 0.100000000000000006
connection 21 54 -0.466027015354484320 0 0.299999999999999989 0.100000000000000006
connection 22 54 -0.176073384005576372 0 0.299999999999999989 0.100000000000000006
connection 23 54 1.349116750403482001 0 0.299999999999999989 0.100000000000000006
connection 24 54 0.847596070496365428 0 0.299999999999999989 0.100000000000000006
connection 25 54 0.940152410184964538 0 0.299999999999999989 0.100000000000000006
connection 26 54 -0.846407480654306710 0 0.299999999999999989 0.100000000000000006
connection 27 54 -0.916447265138231160 0 0.299999999999999989 0.100000000000000006
connection 28 54 -1.690186213882725497 0 0.299999999999999989 0.100000000000000006
connection 29 54 -2.051073786871711491 0 0.299999999999999989 0.100000000000000006
connection 30 54 0.561427364364135428 0 0.299999999999999989 0.100000000000000006
connection 31 54 -0.053272897144779563 0 0.299999999999999989 0.100000000000000006
connection 32 54 -0.357232289783780743 0 0.299999999999999989 0.100000000000000006
connection 33 54 -0.405914249829947948 0 0.299999999999999989 0.100000000000000006
connection 34 54 1.545135614375105604 0 0.299999999999999989 0.100000000000000006
connection 35 54 0.412441575550474226 0 0.299999999999999989 0.100000000000000006
connection 36 54 1.171720397675017011 0 0.299999999999999989 0.100000000000000006
connection 37 54 -0.661732732581185701 0 0.299999999999999989 0.100000000000000006
connection 38 54 2.471705714791028186 0 0.299999999999999989 0.100000000000000006
connection 39 54 -0.282740376258061588 0 0.299999999999999989 0.100000000000000006
connection 40 54 0.878195734470864409 0 0.299999999999999989 0.100000000000000006
connection 41 54 1.956737962137594877 0 0.299999999999999989 0.100000000000000006
connection 42 54 1.519989676366094500 0 0.299999999999999989 0.100000000000000006
connection 43 54 -0.922703366726636887 0 0.299999999999999989 0.100000000000000006
connection 44 54 0.322573910370408612 0 0.299999999999999989 0.100000000000000006
connection 45 54 -0.262356830993667245 0 0.299999999999999989 0.100000000000000006
connection 46 54 -0.424893209594301879 0 0.299999999999999989 0.100000000000000006
connection 47 54 1.527850205467984779 0 0.299999999999999989 0.100000000000000006
connection 0 55 0.903929193969815969 0 0.299999999999999989 0.100000000000000006
connection 1 55 1.036701991215522867 0 0.299999999999999989 0.100000000000000006
connection 2 55 1.356380520559469005 0 0.299999999999999989 0.100000000000000006
connection 3 55 0.551628364366479218 0 0.299999999999999989 0.100000000000000006
connection 4 55 -1.189420916465678602 0 0.299999999999999989 0.100000000000000006
connection 5 55 0.772184699890203774 0 0.299999999999999989 0.100000000000000006
connection 6 55 0.189798315281223040 0 0.299999999999999989 0.100000000000000006
connection 7 55 -0.363185184916801518 0 0.299999999999999989 0.100000000000000006
connection 8 55 -3.331141061124071712 0 0.299999999999999989 0.100000000000000006
connection 9 55 0.201269906014204025 0 0.299999999999999989 0.100000000000000006
connection 10 55 0.160295296576805413 0 0.299999999999999989 0.100000000000000006
connection 11 55 0.389592048013582826 0 0.299999999999999989 0.100000000000000006
connection 12 55 -0.929701947847206611 0 0.299999999999999989 0.100000000000000006
connection 13 55 0.257212776807136834 0 0.299999999999999989 0.100000000000000006
connection 14 55 0.262833549408242106 0 0.299999999999999989 0.100000000000000006
connection 15 55 0.904768359643639997 0 0.299999999999999989 0.100000000000000006
connection 16 55 0.862228980287909508 0 0.299999999999999989 0.100000000000000006
connection 17 55 1.689751491955121310 0 0.299999999999999989 0.100000000000000006
connection 18 55 0.849150241119787097 0 0.299999999999999989 0.100000000000000006
connection 19 55 -0.431325000827200711 0 0.299999999999999989 0.100000000000000006
connection 20 55 -0.799934089067392051 0 0.299999999999999989 0.100000000000000006
connection 21 55 -2.246817844741144654 0 0.299999999999999989 0.100000000000000006
connection 22 55 -0.450227203879876470 0 0.299999999999999989 0.100000000000000006
connection 23 55 -4.671525422221748158 0 0.299999999999999989 0.100000000000000006
connection 24 55 0.045544495253125206 0 0.299999999999999989 0.100000000000000006
connection 25 55 -0.882613960187882185 0 0.299999999999999989 0.100000000000000006
connection 26 55 -0.046237443952122703 0 0.299999999999999989 0.100000000000000006
connection 27 55 0.325487169437110424 0 0.299999999999999989 0.100000000000000006
connection 28 55 1.115477554965764284 0 0.299999999999999989 0.100000000000000006
connection 29 55 -0.202535977074148832 0 0.299999999999999989 0.100000000000000006
connection 30 55 -2.725781318757071858 0 0.299999999999999989 0.100000000000000006
connection 31 55 -0.118909114971756935 0 0.299999999999999989 0.100000000000000006
connection 32 55 -0.695470258662680862 0 0.299999999999999989 0.100000000000000006
connection 33 55 -3.426162688439944759 0 0.299999999999999989 0.100000000000000006
connection 34 55 -1.187574608949944377 0 0.299999999999999989 0.100000000000000006
connection 35 55 -0.033219960761925904 0 0.299999999999999989 0.100000000000000006
connection 36 55 -0.243530527921393514 0 0.299999999999999989 0.100000000000000006
connection 37 55 -1.727003637002781034 0 0.299999999999999989 0.100000000000000006
connection 38 55 0.435100670903921127 0 0.299999999999999989 0.100000000000000006
connection 39 55 -0.395346052478998899 0 0.299999999999999989 0.100000000000000006
connection 40 55 -0.470493565518831147 0 0.299999999999999989 0.100000000000000006
connection 41 55 -0.500270818360149860 0 0.299999999999999989 0.100000000000000006
connection 42 55 0.470811696839518845 0 0.299999999999999989 0.100000000000000006
connection 43 55 -1.615964740402887401 0 0.299999999999999989 0.100000000000000006
connection 44 55 -2.382617844203196000 0 0.299999999999999989 0.100000000000000006
connection 45 55 0.059018020052462816 0 0.299999999999999989 0.100000000000000006
connection 46 55 -0.653262543123673822 0 0.299999999999999989 0.100000000000000006
connection 47 55 1.565686969158022634 0 0.299999999999999989 0.100000000000000006
connection 1 56 0.800555548705233377 0 0.299999999999999989 0.100000000000000006
connection 2 56 0.600451526643809075 0 0.299999999999999989 0.100000000000000006
connection 3 56 0.628974827599465325 0 0.299999999999999989 0.100000000000000006
connection 4 56 -0.279544025026552845 0 0.299999999999999989 0.100000000000000006
connection 5 56 -0.196895667409989983 0 0.299999999999999989 0.100000000000000006
connection 6 56 -0.747382653808017494 0 0.299999999999999989 0.100000000000000006
connection 7 56 0.344153085025027394 0 0.299999999999999989 0.100000000000000006
connection 8 56 0.993550970451906323 0 0.299999999999999989 0.100000000000000006
connection 9 56 0.134594058993570798 0 0.299999999999999989 0.100000000000000006
connection 10 56 0.727579664656843761 0 0.299999999999999989 0.100000000000000006
connection 11 56 4.767494185787654715 0 0.299999999999999989 0.100000000000000006
connection 12 56 0.744856788024767624 0 0.299999999999999989 0.100000000000000006
connection 13 56 2.606705363017681520 0 0.299999999999999989 0.100000000000000006
connection 14 56 -0.096190680258587236 0 0.299999999999999989 0.100000000000000006
connection 15 56 0.949002494278829545 0 0.299999999999999989 0.100000000000000006
connection 16 56 1.041858717799186707 0 0.299999999999999989 0.100000000000000006
connection 17 56 -0.895109388284936358 0 0.299999999999999989 0.100000000000000006
connection 18 56 -1.634576702432241291 0 0.299999999999999989 0.100000000000000006
connection 19 56 -0.173103521906341484 0 0.299999999999999989 0.100000000000000006
connection 20 56 -0.316851538605988026 0 0.299999999999999989 0.100000000000000006
connection 21 56 0.667863543843850493 0 0.299999999999999989 0.100000000000000006
connection 22 56 -0.383175293914973736 0 0.299999999999999989 0.100000000000000006
connection 23 56 -0.775450405060837511 0 0.299999999999999989 0.100000000000000006
connection 24 56 -0.439490761375054717 0 0.299999999999999989 0.100000000000000006
connection 25 56 -0.464625457068905234 0 0.299999999999999989 0.100000000000000006
connection 26 56 1.054112397871904250 0 0.299999999999999989 0.100000000000000006
connection 27 56 -0.226558616616785002 0 0.299999999999999989 0.100000000000000006
connection 28 56 1.295954080065712333 0 0.299999999999999989 0.100000000000000006
connection 29 56 1.805191477531479904 0 0.299999999999999989 0.100000000000000006
connection 30 56 0.624307192629203200 0 0.299999999999999989 0.100000000000000006
connection 31 56 2.759442093687539455 0 0.299999999999999989 0.100000000000000006
connection 32 56 1.699990030107073835 0 0.299999999999999989 0.100000000000000006
connection 33 56 -0.064842324471101165 0 0.299999999999999989 0.100000000000000006
connection 34 56 -0.048557321015323396 0 0.299999999999999989 0.100000000000000006
connection 35 56 0.277564438642002642 0 0.299999999999999989 0.100000000000000006
connection 36 56 1.957941234259124030 0 0.299999999999999989 0.100000000000000006
connection 37 56 1.348688113730531768 0 0.299999999999999989 0.100000000000000006
connection 38 56 0.922560131671161798 0 0.299999999999999989 0.100000000000000006
connection 39 56 0.068133328266412718 0 0.299999999999999989 0.100000000000000006
connection 40 56 -1.269205525110010058 0 0.299999999999999989 0.100000000000000006
connection 41 56 -1.410484901934978552 0 0.299999999999999989 0.100000000000000006
connection 42 56 0.776227560751067358 0 0.299999999999999989 0.100000000000000006
connection 43 56 -0.451024180278182030 0 0.299999999999999989 0.100000000000000006
connection 44 56 -2.400639461769969785 0 0.299999999999999989 0.100000000000000006
connection 45 56 -0.724740554345771670 0 0.299999999999999989 0.100000000000000006
connection 46 56 -4.000851527176564559 0 0.299999999999999989 0.100000000000000006
connection 47 56 -0.349865850061178207 0 0.299999999999999989 0.100000000000000006
connection 0 57 0.325041282223537564 0 0.299999999999999989 0.100000000000000006
connection 1 57 3.333573821495519951 0 0.299999999999999989 0.100000000000000006
connection 2 57 0.221048026112839580 0 0.299999999999999989 0.100000000000000006
connection 3 57 1.937882969046313519 0 0.299999999999999989 0.100000000000000006
connection 4 57 0.391305234436913452 0 0.299999999999999989 0.100000000000000006
connection 5 57 -0.621466396376490593 0 0.299999999999999989 0.100000000000000006
connection 7 57 -0.934209598461166024 0 0.299999999999999989 0.100000000000000006
connection 8 57 -0.063705051084980369 0 0.299999999999999989 0.100000000000000006
connection 9 57 0.735091950162313879 0 0.299999999999999989 0.100000000000000006
connection 10 57 2.005494935969181824 0 0.299999999999999989 0.100000000000000006
connection 11 57 -0.815256141996358763 0 0.299999999999999989 0.100000000000000006
connection 12 57 -0.869095010182547867 0 0.299999999999999989 0.100000000000000006
connection 13 57 0.229809514321658526 0 0.299999999999999989 0.100000000000000006
connection 15 57 -0.160567462684412021 0 0.299999999999999989 0.100000000000000006
connection 16 57 -1.971681886428996222 0 0.299999999999999989 0.100000000000000006
connection 17 57 1.523948721943725104 0 0.299999999999999989 0.100000000000000006
connection 18 57 -0.854522928199003218 0 0.299999999999999989 0.100000000000000006
connection 19 57 -0.752288415096700191 0 0.299999999999999989 0.100000000000000006
connection 20 57 0.486544666695408523 0 0.299999999999999989 0.100000000000000006
connection 21 57 -0.212206588737899438 0 0.299999999999999989 0.100000000000000006
connection 22 57 -0.182533117244020104 0 0.299999999999999989 0.100000000000000006
connection 23 57 0.677763588260859251 0 0.299999999999999989 0.100000000000000006
connection 24 57 1.340582282980903983 0 0.299999999999999989 0.100000000000000006
connection 25 57 -1.141783434833087085 0 0.299999999999999989 0.100000000000000006
connection 26 57 0.389029688525624806 0 0.299999999999999989 0.100000000000000006
connection 27 57 0.990382664895150810 0 0.299999999999999989 0.100000000000000006
connection 28 57 1.285592954814319455 0 0.299999999999999989 0.100000000000000006
connection 29 57 0.079093765350989997 0 0.299999999999999989 0.100000000000000006
connection 30 57 1.818781220405071508 0 0.299999999999999989 0.100000000000000006
connection 31 57 0.765352886001892330 0 0.299999999999999989 0.100000000000000006
connection 32 57 0.735034916317090392 0 0.299999999999999989 0.100000000000000006
connection 33 57 0.362112210830673575 0 0.299999999999999989 0.100000000000000006
connection 34 57 -0.826498035822382349 0 0.299999999999999989 0.100000000000000006
connection 35 57 -1.521351703427228585 0 0.299999999999999989 0.100000000000000006
connection 36 57 0.653598279110156000 0 0.299999999999999989 0.100000000000000006
connection 37 57 -1.245173078394145705 0 0.299999999999999989 0.100000000000000006
connection 38 57 2.180759917479008436 0 0.299999999999999989 0.100000000000000006
connection 39 57 -0.391849336412633420 0 0.299999999999999989 0.100000000000000006
connection 40 57 -0.835893929041048978 0 0.299999999999999989 0.100000000000000006
connection 41 57 1.012253899305505911 0 0.299999999999999989 0.100000000000000006
connection 42 57 0.743710145446129900 0 0.299999999999999989 0.100000000000000006
connection 43 57 -0.282525822985917330 0 0.299999999999999989 0.100000000000000006
connection 44 57 -2.376407373463734984 0 0.299999999999999989 0.100000000000000006
connection 45 57 0.643293172938228963 0 0.299999999999999989 0.100000000000000006
connection 46 57 -0.838305820943787694 0 0.299999999999999989 0.100000000000000006
connection 47 57 0.077345437603071332 0 0.299999999999999989 0.100000000000000006
connection 0 58 -0.287790544702602347 0 0.299999999999999989 0.100000000000000006
connection 1 58 0.190311894519254565 0 0.299999999999999989 0.100000000000000006
connection 2 58 0.697215930496895453 0 0.299999999999999989 0.100000000000000006
connection 3 58 1.562908983845773037 0 0.299999999999999989 0.100000000000000006
connection 4 58 -0.101148165527340073 0 0.299999999999999989 0.100000000000000006
connection 5 58 0.692961165914312005 0 0.299999999999999989 0.100000000000000006
connection 6 58 -1.531524994668870931 0 0.299999999999999989 0.100000000000000006
connection 7 58 -0.599592075520277490 0 0.299999999999999989 0.100000000000000006
connection 8 58 -0.914954554287305655 0 0.299999999999999989 0.100000000000000006
connection 9 58 1.711376924242358655 0 0.299999999999999989 0.100000000000000006
connection 10 58 1.969363502705476776 0 0.299999999999999989 0.100000000000000006
connection 11 58 -0.401431728690113232 0 0.299999999999999989 0.100000000000000006
connection 12 58 -2.562188884591705573 0 0.299999999999999989 0.100000000000000006
connection 13 58 0.332470148802713084 0 0.299999999999999989 0.100000000000000006
connection 14 58 -1.593712926012358366 0 0.299999999999999989 0.100000000000000006
connection 15 58 1.112942920764908195 0 0.299999999999999989 0.100000000000000006
connection 16 58 -0.724792978959158063 0 0.299999999999999989 0.100000000000000006
connection 17 58 -0.494784628739580512 0 0.299999999999999989 0.100000000000000006
connection 18 58 -0.458236734499905651 0 0.299999999999999989 0.100000000000000006
connection 19 58 0.906213782960548997 0 0.299999999999999989 0.100000000000000006
connection 20 58 -0.360226644788781414 0 0.299999999999999989 0.100000000000000006
connection 21 58 -0.764631366473622620 0 0.299999999999999989 0.100000000000000006
connection 22 58 -0.113307230873033404 0 0.299999999999999989 0.100000000000000006
connection 23 58 -0.423408345697680488 0 0.299999999999999989 0.100000000000000006
connection 24 58 -0.142197777517139912 0 0.299999999999999989 0.100000000000000006
connection 25 58 2.203489329009244102 0 0.299999999999999989 0.100000000000000006
connection 26 58 0.817072192672640085 0 0.299999999999999989 0.100000000000000006
connection 27 58 -1.229654042985202977 0 0.299999999999999989 0.100000000000000006
connection 28 58 1.886483865007061667 0 0.299999999999999989 0.100000000000000006
connection 29 58 0.229910938463675052 0 0.299999999999999989 0.100000000000000006
connection 30 58 -0.599374071896818350 0 0.299999999999999989 0.100000000000000006
connection 31 58 1.379768367962242337 0 0.299999999999999989 0.100000000000000006
connection 32 58 -0.077905557976919226 0 0.299999999999999989 0.100000000000000006
connection 33 58 -1.617438943736488000 0 0.299999999999999989 0.100000000000000006
connection 35 58 0.323174108867533505 0 0.299999999999999989 0.100000000000000006
connection 36 58 0.254890358810371254 0 0.299999999999999989 0.100000000000000006
connection 37 58 1.737302536170318490 0 0.299999999999999989 0.100000000000000006
connection 38 58 -0.341783382074936526 0 0.299999999999999989 0.100000000000000006
connection 39 58 -1.706257788802759023 0 0.299999999999999989 0.100000000000000006
connection 40 58 1.811286676552299468 0 0.299999999999999989 0.100000000000000006
connection 41 58 -0.505505049368366599 0 0.299999999999999989 0.100000000000000006
connection 42 58 -2.277023418224416673 0 0.299999999999999989 0.100000000000000006
connection 43 58 -0.881301185989286751 0 0.299999999999999989 0.100000000000000006
connection 44 58 0.117954677203670144 0 0.299999999999999989 0.100000000000000006
connection 45 58 0.138854229648131877 0 0.299999999999999989 0.100000000000000006
connection 46 58 0.576547359582036734 0 0.299999999999999989 0.100000000000000006
connection 47 58 -0.431146365983295254 0 0.299999999999999989 0.100000000000000006
connection 0 59 -0.360012321267277002 0 0.299999999999999989 0.100000000000000006
connection 1 59 -0.735970453184563667 0 0.299999999999999989 0.100000000000000006
connection 2 59 0.653102934113121592 0 0.299999999999999989 0.100000000000000006
connection 3 59 0.130895629059523344 0 0.299999999999999989 0.100000000000000006
connection 4 59 2.157700959203793900 0 0.299999999999999989 0.100000000000000006
connection 5 59 1.697039809168757074 0 0.299999999999999989 0.100000000000000006
connection 6 59 -1.045183594167610863 0 0.299999999999999989 0.100000000000000006
connection 7 59 -0.586247686296701431 0 0.299999999999999989 0.100000000000000006
connection 8 59 1.669099797842136468 0 0.299999999999999989 0.100000000000000006
connection 11 59 1.030716799508809345 0 0.299999999999999989 0.100000000000000006
connection 12 59 3.252322867730981670 0 0.299999999999999989 0.100000000000000006
connection 13 59 0.618861644295975566 0 0.299999999999999989 0.100000000000000006
connection 14 59 -0.251931130071170628 0 0.299999999999999989 0.100000000000000006
connection 15 59 0.013943172485596733 0 0.299999999999999989 0.100000000000000006
connection 16 59 0.399329008068889380 0 0.299999999999999989 0.100000000000000006
connection 17 59 2.182033533288631588 0 0.299999999999999989 0.100000000000000006
connection 18 59 -1.793511580352060264 0 0.299999999999999989 0.100000000000000006
connection 19 59 -0.113871872308664024 0 0.299999999999999989 0.100000000000000006
connection 20 59 0.230235190596431494 0 0.299999999999999989 0.100000000000000006
connection 21 59 -4.194353217342722928 0 0.299999999999999989 0.100000000000000006
connection 22 59 -0.683429853292182088 0 0.299999999999999989 0.100000000000000006
connection 23 59 -0.407380249351263046 0 0.299999999999999989 0.100000000000000006
connection 24 59 -0.014241133478208212 0 0.299999999999999989 0.100000000000000006
connection 25 59 0.914455287385635529 0 0.299999999999999989 0.100000000000000006
connection 26 59 -0.868161184019328402 0 0.299999999999999989 0.100000000000000006
connection 27 59 -0.087183264084160328 0 0.299999999999999989 0.100000000000000006
connection 28 59 -1.523247426259331405 0 0.299999999999999989 0.100000000000000006
connection 29 59 -0.326477482449263334 0 0.299999999999999989 0.100000000000000006
connection 30 59 -1.698218904974055476 0 0.299999999999999989 0.100000000000000006
connection 31 59 -0.779539865674450994 0 0.299999999999999989 0.100000000000000006
connection 32 59 -0.741707053733989596 0 0.299999999999999989 0.100000000000000006
connection 33 59 -1.570375139708630741 0 0.299999999999999989 0.100000000000000006
connection 34 59 -1.644675250538057298 0 0.299999999999999989 0.100000000000000006
connection 36 59 0.806349742126030833 0 0.299999999999999989 0.100000000000000006
connection 37 59 -1.152052385383285582 0 0.299999999999999989 0.100000000000000006
connection 38 59 -0.627133863163180649 0 0.299999999999999989 0.100000000000000006
connection 39 59 -0.693458202295005322 0 0.299999999999999989 0.100000000000000006
connection 40 59 -0.233670084335244610 0 0.299999999999999989 0.100000000000000006
connection 41 59 -0.451955430842645001 0 0.299999999999999989 0.100000000000000006
connection 42 59 0.337173364823684096 0 0.299999999999999989 0.100000000000000006
connection 43 59 -1.188259305560809054 0 0.299999999999999989 0.100000000000000006
connection 44 59 -1.225036175805144012 0 0.299999999999999989 0.100000000000000006
connection 45 59 0.601162684491647781 0 0.299999999999999989 0.100000000000000006
connection 46 59 -0.142606124172772297 0 0.299999999999999989 0.100000000000000006
connection 47 59 -0.115821007482736604 0 0.299999999999999989 0.100000000000000006
connection 0 60 -1.407971565557090798 0 0.299999999999999989 0.100000000000000006
connection 1 60 0.068612813971412834 0 0.299999999999999989 0.100000000000000006
connection 2 60 -0.855685414629988372 0 0.299999999999999989 0.100000000000000006
connection 3 60 0.108943491242825985 0 0.299999999999999989 0.100000000000000006
connection 4 60 0.318705068937561009 0 0.299999999999999989 0.100000000000000006
connection 5 60 -0.226211408833478345 0 0.299999999999999989 0.100000000000000006
connection 6 60 -0.030088940135101438 0 0.299999999999999989 0.100000000000000006
connection 7 60 -1.004582460271194577 0 0.299999999999999989 0.100000000000000006
connection 8 60 0.506494539324194193 0 0.299999999999999989 0.100000000000000006
connection 9 60 0.266134155790496152 0 0.299999999999999989 0.100000000000000006
connection 10 60 -0.854448136371502187 0 0.299999999999999989 0.100000000000000006
connection 12 60 0.055733858280802906 0 0.299999999999999989 0.100000000000000006
connection 13 60 0.315196891135201440 0 0.299999999999999989 0.100000000000000006
connection 14 60 -0.010832191741428687 0 0.299999999999999989 0.100000000000000006
connection 15 60 0.073586521371453273 0 0.299999999999999989 0.100000000000000006
connection 16 60 0.083392807363054544 0 0.299999999999999989 0.100000000000000006
connection 17 60 0.058756250867418203 0 0.299999999999999989 0.100000000000000006
connection 18 60 -0.018174042226746678 0 0.299999999999999989 0.100000000000000006
connection 19 60 1.526213269202344236 0 0.299999999999999989 0.100000000000000006
connection 20 60 0.807232497900258750 0 0.299999999999999989 0.100000000000000006
connection 21 60 -0.804494726238772273 0 0.299999999999999989 0.100000000000000006
connection 22 60 -1.194041548692894139 0 0.299999999999999989 0.100000000000000006
connection 23 60 -0.716204914004597626 0 0.299999999999999989 0.100000000000000006
connection 24 60 0.193230440374463797 0 0.299999999999999989 0.100000000000000006
connection 26 60 1.046453088289126754 0 0.299999999999999989 0.100000000000000006
connection 27 60 -0.501862125919956270 0 0.299999999999999989 0.100000000000000006
connection 28 60 -1.787730885875561171 0 0.299999999999999989 0.100000000000000006
connection 29 60 0.384504667331384553 0 0.299999999999999989 0.100000000000000006
connection 30 60 -0.982901178067550063 0 0.299999999999999989 0.100000000000000006
connection 31 60 -0.529804144054651260 0 0.299999999999999989 0.100000000000000006
connection 32 60 -0.306222504248580663 0 0.299999999999999989 0.100000000000000006
connection 33 60 -0.673849611426703632 0 0.299999999999999989 0.100000000000000006
connection 34 60 0.819102017587283626 0 0.299999999999999989 0.100000000000000006
connection 35 60 -1.458604124568410043 0 0.299999999999999989 0.100000000000000006
connection 36 60 0.170784927438944578 0 0.299999999999999989 0.100000000000000006
connection 37 60 0.158441239395870070 0 0.299999999999999989 0.100000000000000006
connection 38 60 -0.232827307714615017 0 0.299999999999999989 0.100000000000000006
connection 39 60 1.084422575627741026 0 0.299999999999999989 0.100000000000000006
connection 40 60 3.762764313316438347 0 0.299999999999999989 0.100000000000000006
connection 41 60 0.129506239667534828 0 0.299999999999999989 0.100000000000000006
connection 42 60 -0.815602880669757724 0 0.299999999999999989 0.100000000000000006
connection 43 60 0.719828726490959525 0 0.299999999999999989 0.100000000000000006
connection 44 60 -0.029292974151758244 0 0.299999999999999989 0.100000000000000006
connection 45 60 -1.530593111907364801 0 0.299999999999999989 0.100000000000000006
connection 46 60 -0.038222330273129046 0 0.299999999999999989 0.100000000000000006
connection 47 60 -0.620984272100031376 0 0.299999999999999989 0.100000000000000006
connection 0 61 4.270207337398460368 0 0.299999999999999989 0.100000000000000006
connection 1 61 0.153522654287144178 0 0.299999999999999989 0.100000000000000006
connection 2 61 -1.999562073531251372 0 0.299999999999999989 0.100000000000000006
connection 3 61 0.367774099111557007 0 0.299999999999999989 0.100000000000000006
connection 5 61 -0.809782764355077234 0 0.299999999999999989 0.100000000000000006
connection 6 61 1.210826635127887130 0 0.299999999999999989 0.100000000000000006
connection 7 61 -0.962980554543598544 0 0.299999999999999989 0.100000000000000006
connection 9 61 -0.937886211235309020 0 0.299999999999999989 0.100000000000000006
connection 10 61 -0.716439520223502768 0 0.299999999999999989 0.100000000000000006
connection 11 61 2.108155261583760876 0 0.299999999999999989 0.100000000000000006
connection 12 61 0.448896230762215964 0 0.299999999999999989 0.100000000000000006
connection 13 61 1.149424370395536243 0 0.299999999999999989 0.100000000000000006
connection 14 61 1.469400323436275357 0 0.299999999999999989 0.100000000000000006
connection 15 61 -0.228875867124770593 0 0.299999999999999989 0.100000000000000006
connection 16 61 1.377220438793301582 0 0.299999999999999989 0.100000000000000006
connection 18 61 0.666911943815648556 0 0.299999999999999989 0.100000000000000006
connection 19 61 -0.158438142156228423 0 0.299999999999999989 0.100000000000000006
connection 20 61 0.147018025696695531 0 0.299999999999999989 0.100000000000000006
connection 21 61 -0.169839011621661484 0 0.299999999999999989 0.100000000000000006
connection 22 61 0.214828317935825908 0 0.299999999999999989 0.100000000000000006
connection 23 61 -0.092447032504423987 0 0.299999999999999989 0.100000000000000006
connection 24 61 0.110829152341466397 0 0.299999999999999989 0.100000000000000006
connection 25 61 0.219143138650563785 0 0.299999999999999989 0.100000000000000006
connection 26 61 0.365197749342769384 0 0.299999999999999989 0.100000000000000006
connection 27 61 0.622124627951052389 0 0.299999999999999989 0.100000000000000006
connection 28 61 0.626727346098050475 0 0.299999999999999989 0.100000000000000006
connection 29 61 -0.067699659965001047 0 0.299999999999999989 0.100000000000000006
connection 30 61 1.272156575814733515 0 0.299999999999999989 0.100000000000000006
connection 31 61 0.867950421990826726 0 0.299999999999999989 0.100000000000000006
connection 32 61 1.667921362637571292 0 0.299999999999999989 0.100000000000000006
connection 33 61 -0.413382841390557587 0 0.299999999999999989 0.100000000000000006
connection 34 61 -0.435481480322778225 0 0.299999999999999989 0.100000000000000006
connection 35 61 -0.282814207979754428 0 0.299999999999999989 0.100000000000000006
connection 36 61 -2.082602102484088391 0 0.299999999999999989 0.100000000000000006
connection 37 61 0.132683791860472411 0 0.299999999999999989 0.100000000000000006
connection 38 61 0.066033898186560691 0 0.299999999999999989 0.100000000000000006
connection 39 61 -0.341472899890504777 0 0.299999999999999989 0.100000000000000006
connection 40 61 -1.101617810756579274 0 0.299999999999999989 0.100000000000000006
connection 41 61 -0.168556787772104144 0 0.299999999999999989 0.100000000000000006
connection 42 61 -0.494269418238218350 0 0.299999999999999989 0.100000000000000006
connection 43 61 -0.749557710654698894 0 0.299999999999999989 0.100000000000000006
connection 44 61 -1.080773024126756354 0 0.299999999999999989 0.100000000000000006
connection 45 61 -0.145232643932104111 0 0.299999999999999989 0.100000000000000006
connection 46 61 1.385726428557973122 0 0.299999999999999989 0.100000000000000006
connection 47 61 1.891642404331832950 0 0.299999999999999989 0.100000000000000006
connection 0 62 -0.809456730747243114 0 0.299999999999999989 0.100000000000000006
connection 1 62 0.415525633492507041 0 0.299999999999999989 0.100000000000000006
connection 2 62 -1.447039876366034150 0 0.299999999999999989 0.100000000000000006
connection 3 62 -0.171333085629157722 0 0.299999999999999989 0.100000000000000006
connection 4 62 0.465105375682469457 0 0.299999999999999989 0.100000000000000006
connection 5 62 0.610403528204187751 0 0.299999999999999989 0.100000000000000006
connection 6 62 0.999391350789437638 0 0.299999999999999989 0.100000000000000006
connection 7 62 -0.639802866149693727 0 0.299999999999999989 0.100000000000000006
connection 9 62 1.781179165119691987 0 0.299999999999999989 0.100000000000000006
connection 10 62 0.096750519238412380 0 0.299999999999999989 0.100000000000000006
connection 11 62 1.331124541524332017 0 0.299999999999999989 0.100000000000000006
connection 12 62 0.995239690129892551 0 0.299999999999999989 0.100000000000000006
connection 13 62 1.624255229253321886 0 0.299999999999999989 0.100000000000000006
connection 14 62 0.015849260962568223 0 0.299999999999999989 0.100000000000000006
connection 15 62 -1.316398371942341328 0 0.299999999999999989 0.100000000000000006
connection 16 62 0.605896532186307013 0 0.299999999999999989 0.100000000000000006
connection 18 62 1.879342033404100221 0 0.299999999999999989 0.100000000000000006
connection 19 62 1.161643063533119857 0 0.299999999999999989 0.100000000000000006
connection 20 62 -1.115008142223814502 0 0.299999999999999989 0.100000000000000006
connection 21 62 1.714496877435891520 0 0.299999999999999989 0.100000000000000006
connection 22 62 -0.137498954543843865 0 0.299999999999999989 0.100000000000000006
connection 23 62 -0.535155307850800455 0 0.299999999999999989 0.100000000000000006
connection 24 62 -1.525728628557772026 0 0.299999999999999989 0.100000000000000006
connection 25 62 1.289796752827896853 0 0.299999999999999989 0.100000000000000006
connection 26 62 -0.215345432901813183 0 0.299999999999999989 0.100000000000000006
connection 27 62 0.313737689459230751 0 0.299999999999999989 0.100000000000000006
connection 28 62 -0.772691269883580389 0 0.299999999999999989 0.100000000000000006
connection 29 62 0.821916653825610410 0 0.299999999999999989 0.100000000000000006
connection 30 62 -0.059078182093799114 0 0.299999999999999989 0.100000000000000006
connection 31 62 -0.221024350146763027 0 0.299999999999999989 0.100000000000000006
connection 32 62 -0.307317050974234007 0 0.299999999999999989 0.100000000000000006
connection 33 62 1.690879785863216966 0 0.299999999999999989 0.100000000000000006
connection 34 62 -0.764428486410452024 0 0.299999999999999989 0.100000000000000006
connection 35 62 0.037249974673613906 0 0.299999999999999989 0.100000000000000006
connection 36 62 -0.462290273455437273 0 0.299999999999999989 0.100000000000000006
connection 37 62 -2.603087872842188677 0 0.299999999999999989 0.100000000000000006
connection 38 62 -0.275564140232745558 0 0.299999999999999989 0.100000000000000006
connection 39 62 -0.081226659240201116 0 0.299999999999999989 0.100000000000000006
connection 40 62 2.240470750925169341 0 0.299999999999999989 0.100000000000000006
connection 41 62 0.724513972462773381 0 0.299999999999999989 0.100000000000000006
connection 42 62 -1.128685547532995770 0 0.299999999999999989 0.100000000000000006
connection 43 62 -0.376737875415471990 0 0.299999999999999989 0.100000000000000006
connection 44 62 -1.264401407168406877 0 0.299999999999999989 0.100000000000000006
connection 45 62 -1.057617642451077700 0 0.299999999999999989 0.100000000000000006
connection 46 62 0.381546056130900979 0 0.299999999999999989 0.100000000000000006
connection 47 62 -0.702746439492329955 0 0.299999999999999989 0.100000000000000006
connection 53 48 0.450515156844630837 0 0.299999999999999989 0.100000000000000006
connection 54 48 1.093430955661460757 0 0.299999999999999989 0.100000000000000006
connection 55 48 0.466432700882705831 0 0.299999999999999989 0.100000000000000006
connection 56 48 0.599383155153191183 0 0.299999999999999989 0.100000000000000006
connection 57 48 -0.914172831107862294 0 0.299999999999999989 0.100000000000000006
connection 58 48 0.136733911931514740 0 0.299999999999999989 0.100000000000000006
connection 59 48 -0.041312307352200150 0 0.299999999999999989 0.100000000000000006
connection 60 48 -0.127597301616333425 0 0.299999999999999989 0.100000000000000006
connection 61 48 1.764214266673661768 0 0.299999999999999989 0.100000000000000006
connection 62 48 0.947908772388473153 0 0.299999999999999989 0.100000000000000006
connection 54 49 -0.322907524416223168 0 0.299999999999999989 0.100000000000000006
connection 55 49 0.224720652757241623 0 0.299999999999999989 0.100000000000000006
connection 56 49 -0.065201625096960925 0 0.299999999999999989 0.100000000000000006
connection 57 49 -0.805732986947987229 0 0.299999999999999989 0.100000000000000006
connection 58 49 3.225365133499478176 0 0.299999999999999989 0.100000000000000006
connection 59 49 -0.688796142349019647 0 0.299999999999999989 0.100000000000000006
connection 60 49 -2.157986751757562160 0 0.299999999999999989 0.100000000000000006
connection 61 49 -0.531694165656517725 0 0.299999999999999989 0.100000000000000006
connection 62 49 -0.465043062342829217 0 0.299999999999999989 0.100000000000000006
connection 53 50 -0.971442469861358404 0 0.299999999999999989 0.100000000000000006
connection 54 50 3.722207383861587005 0 0.299999999999999989 0.100000000000000006
connection 55 50 0.048936773324385285 0 0.299999999999999989 0.100000000000000006
connection 56 50 -0.190838625276228413 0 0.299999999999999989 0.100000000000000006
connection 57 50 0.408276102240051841 0 0.299999999999999989 0.100000000000000006
connection 58 50 0.436720745172351599 0 0.299999999999999989 0.100000000000000006
connection 59 50 0.515734811779111624 0 0.299999999999999989 0.100000000000000006
connection 60 50 0.254772977670654655 0 0.299999999999999989 0.100000000000000006
connection 61 50 -1.634453150927583920 0 0.299999999999999989 0.100000000000000006
connection 62 50 0.962097433315648232 0 0.299999999999999989 0.100000000000000006
connection 53 51 -0.456091202504467219 0 0.299999999999999989 0.100000000000000006
connection 54 51 -0.773602007779118139 0 0.299999999999999989 0.100000000000000006
connection 55 51 -0.419485696358606219 0 0.299999999999999989 0.100000000000000006
connection 56 51 1.070589007180387853 0 0.299999999999999989 0.100000000000000006
connection 57 51 -0.243381376229990565 0 0.299999999999999989 0.100000000000000006
connection 58 51 -2.066902319731980242 0 0.299999999999999989 0.100000000000000006
connection 59 51 0.960258754203096032 0 0.299999999999999989 0.100000000000000006
connection 60 51 -0.375081231933648951 0 0.299999999999999989 0.100000000000000006
connection 61 51 -0.650243344731961770 0 0.299999999999999989 0.100000000000000006
connection 62 51 -0.103868655627593398 0 0.299999999999999989 0.100000000000000006
connection 53 52 0.390871969750151038 0 0.299999999999999989 0.100000000000000006
connection 54 52 -0.078557721015386051 0 0.299999999999999989 0.100000000000000006
connection 55 52 1.945034087038948201 0 0.299999999999999989 0.100000000000000006
connection 56 52 -0.756148376436613034 0 0.299999999999999989 0.100000000000000006
connection 57 52 2.374457437940236559 0 0.299999999999999989 0.100000000000000006
connection 58 52 -1.159785137705512170 0 0.299999999999999989 0.100000000000000006
connection 59 52 -0.518086786451021908 0 0.299999999999999989 0.100000000000000006
connection 60 52 0.088627877106773667 0 0.299999999999999989 0.100000000000000006
connection 61 52 -0.416727042756974697 0 0.299999999999999989 0.100000000000000006
connection 62 52 0.150104801403358579 0 0.299999999999999989 0.100000000000000006
connection 47 48 0.065311010461300611 0 0.299999999999999989 0.100000000000000006
connection 47 49 -0.019526657415553927 0 0.299999999999999989 0.100000000000000006
connection 47 50 -0.242033352609723806 0 0.299999999999999989 0.100000000000000006
connection 47 51 -0.066581198945641518 0 0.299999999999999989 0.100000000000000006
connection 47 52 -0.126775422482751310 0 0.299999999999999989 0.100000000000000006
connection 52 58 0.265013398602604866 1 0.299999999999999989 0.100000000000000006
connection 5 51 0.199958348181098700 0 0.299999999999999989 0.100000000000000006
connection 43 48 -0.822223397437483072 0 0.299999999999999989 0.100000000000000006
connection 11 51 -0.148485768120735884 0 0.299999999999999989 0.100000000000000006
connection 43 49 -0.315585638280026615 0 0.299999999999999989 0.100000000000000006
connection 38 51 0.038885087240487337 0 0.299999999999999989 0.100000000000000006
connection 53 63 0.706557986559346318 0 0.299999999999999989 0.100000000000000006
connection 63 49 0.188023186987265944 0 0.299999999999999989 0.100000000000000006
connection 0 64 -0.059907836373895407 0 0.299999999999999989 0.100000000000000006
connection 64 56 -0.766205400228500366 0 0.299999999999999989 0.100000000000000006
connection 35 65 0.030060054967179894 0 0.299999999999999989 0.100000000000000006
connection 65 59 -0.133072778349742293 0 0.299999999999999989 0.100000000000000006
connection 11 63 -0.380332702188752592 0 0.299999999999999989 0.100000000000000006
connection 14 66 0.057200608309358358 0 0.299999999999999989 0.100000000000000006
connection 66 57 0.240870738634839654 0 0.299999999999999989 0.100000000000000006
connection 25 67 0.432152949273586273 0 0.299999999999999989 0.100000000000000006
connection 67 60 0.326501100789755583 0 0.299999999999999989 0.100000000000000006
connection 9 68 0.371957931900396943 0 0.299999999999999989 0.100000000000000006
connection 68 59 -0.438256926136091352 0 0.299999999999999989 0.100000000000000006
NNend

