NNstart
48 5
neuron 1 0.000000000000000000 0.000000000000000000 0.000000000000000000 0.000000000000000000 1 0.000000000000000000
neuron 1 0.000000000000000000 0.000000000000000000 0.000000000000000000 0.000000000000000000 1 0.000000000000000000
neuron 1 0.000000000000000000 0.000000000000000000 0.000000000000000000 0.000000000000000000 1 0.000000000000000000
neuron 1 0.000000000000000000 0.000000000000000000 0.000000000000000000 0.000000000000000000 1 0.000000000000000000
neuron 1 0.000000000000000000 0.000000000000000000 0.000000000000000000 0.000000000000000000 1 0.000000000000000000
neuron 1 0.000000000000000000 0.000000000000000000 0.000000000000000000 0.000000000000000000 1 0.000000000000000000
neuron 1 0.000000000000000000 0.000000000000000000 0.000000000000000000 0.000000000000000000 1 0.000000000000000000
neuron 1 0.000000000000000000 0.000000000000000000 0.000000000000000000 0.000000000000000000 1 0.000000000000000000
neuron 1 0.000000000000000000 0.000000000000000000 0.000000000000000000 0.000000000000000000 1 0.000000000000000000
neuron 1 0.000000000000000000 0.000000000000000000 0.000000000000000000 0.000000000000000000 1 0.000000000000000000
neuron 1 0.000000000000000000 0.000000000000000000 0.000000000000000000 0.000000000000000000 1 0.000000000000000000
neuron 1 0.000000000000000000 0.000000000000000000 0.000000000000000000 0.000000000000000000 1 0.000000000000000000
neuron 1 0.000000000000000000 0.000000000000000000 0.000000000000000000 0.000000000000000000 1 0.000000000000000000
neuron 1 0.000000000000000000 0.000000000000000000 0.000000000000000000 0.000000000000000000 1 0.000000000000000000
neuron 1 0.000000000000000000 0.000000000000000000 0.000000000000000000 0.000000000000000000 1 0.000000000000000000
neuron 1 0.000000000000000000 0.000000000000000000 0.000000000000000000 0.000000000000000000 1 0.000000000000000000
neuron 1 0.000000000000000000 0.000000000000000000 0.000000000000000000 0.000000000000000000 1 0.000000000000000000
neuron 1 0.000000000000000000 0.000000000000000000 0.000000000000000000 0.000000000000000000 1 0.000000000000000000
neuron 1 0.000000000000000000 0.000000000000000000 0.000000000000000000 0.000000000000000000 1 0.000000000000000000
neuron 1 0.000000000000000000 0.000000000000000000 0.000000000000000000 0.000000000000000000 1 0.000000000000000000
neuron 1 0.000000000000000000 0.000000000000000000 0.000000000000000000 0.000000000000000000 1 0.000000000000000000
neuron 1 0.000000000000000000 0.000000000000000000 0.000000000000000000 0.000000000000000000 1 0.000000000000000000
neuron 1 0.000000000000000000 0.000000000000000000 0.000000000000000000 0.000000000000000000 1 0.000000000000000000
neuron 1 0.000000000000000000 0.000000000000000000 0.000000000000000000 0.000000000000000000 1 0.000000000000000000
neuron 1 0.000000000000000000 0.000000000000000000 0.000000000000000000 0.000000000000000000 1 0.000000000000000000
neuron 1 0.000000000000000000 0.000000000000000000 0.000000000000000000 0.000000000000000000 1 0.000000000000000000
neuron 1 0.000000000000000000 0.000000000000000000 0.000000000000000000 0.000000000000000000 1 0.000000000000000000
neuron 1 0.000000000000000000 0.000000000000000000 0.000000000000000000 0.000000000000000000 1 0.000000000000000000
neuron 1 0.000000000000000000 0.000000000000000000 0.000000000000000000 0.000000000000000000 1 0.000000000000000000
neuron 1 0.000000000000000000 0.000000000000000000 0.000000000000000000 0.000000000000000000 1 0.000000000000000000
neuron 1 0.000000000000000000 0.000000000000000000 0.000000000000000000 0.000000000000000000 1 0.000000000000000000
neuron 1 0.000000000000000000 0.000000000000000000 0.000000000000000000 0.000000000000000000 1 0.000000000000000000
neuron 1 0.000000000000000000 0.000000000000000000 0.000000000000000000 0.000000000000000000 1 0.000000000000000000
neuron 1 0.000000000000000000 0.000000000000000000 0.000000000000000000 0.000000000000000000 1 0.000000000000000000
neuron 1 0.000000000000000000 0.000000000000000000 0.000000000000000000 0.000000000000000000 1 0.000000000000000000
neuron 1 0.000000000000000000 0.000000000000000000 0.000000000000000000 0.000000000000000000 1 0.000000000000000000
neuron 1 0.000000000000000000 0.000000000000000000 0.000000000000000000 0.000000000000000000 1 0.000000000000000000
neuron 1 0.000000000000000000 0.000000000000000000 0.000000000000000000 0.000000000000000000 1 0.000000000000000000
neuron 1 0.000000000000000000 0.000000000000000000 0.000000000000000000 0.000000000000000000 1 0.000000000000000000
neuron 1 0.000000000000000000 0.000000000000000000 0.000000000000000000 0.000000000000000000 1 0.000000000000000000
neuron 1 0.000000000000000000 0.000000000000000000 0.000000000000000000 0.000000000000000000 1 0.000000000000000000
neuron 1 0.000000000000000000 0.000000000000000000 0.000000000000000000 0.000000000000000000 1 0.000000000000000000
neuron 1 0.000000000000000000 0.000000000000000000 0.000000000000000000 0.000000000000000000 1 0.000000000000000000
neuron 1 0.000000000000000000 0.000000000000000000 0.000000000000000000 0.000000000000000000 1 0.000000000000000000
neuron 1 0.000000000000000000 0.000000000000000000 0.000000000000000000 0.000000000000000000 1 0.000000000000000000
neuron 1 0.000000000000000000 0.000000000000000000 0.000000000000000000 0.000000000000000000 1 0.000000000000000000
neuron 1 0.000000000000000000 0.000000000000000000 0.000000000000000000 0.000000000000000000 1 0.000000000000000000
neuron 2 0.000000000000000000 0.000000000000000000 0.000000000000000000 0.000000000000000000 1 0.000000000000000000
neuron 4 1.000000000000000000 0.000000000000000000 0.000000000000000000 0.000000000000000000 1 1.000000000000000000
neuron 4 1.000000000000000000 0.000000000000000000 0.000000000000000000 0.000000000000000000 1 1.000000000000000000
neuron 4 1.000000000000000000 0.000000000000000000 0.000000000000000000 0.000000000000000000 1 1.000000000000000000
neuron 4 1.000000000000000000 0.000000000000000000 0.000000000000000000 0.000000000000000000 1 1.000000000000000000
neuron 4 1.000000000000000000 0.000000000000000000 0.000000000000000000 0.000000000000000000 1 1.000000000000000000
neuron 3 1.000000000000000000 0.000000000000000000 0.000000000000000000 0.000000000000000000 1 0.500000000000000000
neuron 3 1.000000000000000000 0.000000000000000000 0.000000000000000000 0.000000000000000000 1 0.500000000000000000
neuron 3 1.000000000000000000 0.000000000000000000 0.000000000000000000 0.000000000000000000 1 0.500000000000000000
neuron 3 1.000000000000000000 0.000000000000000000 0.000000000000000000 0.000000000000000000 1 0.500000000000000000
neuron 3 1.000000000000000000 0.000000000000000000 0.000000000000000000 0.000000000000000000 1 0.500000000000000000
neuron 3 1.000000000000000000 0.000000000000000000 0.000000000000000000 0.000000000000000000 1 0.500000000000000000
neuron 3 1.000000000000000000 0.000000000000000000 0.000000000000000000 0.000000000000000000 1 0.500000000000000000
neuron 3 1.000000000000000000 0.000000000000000000 0.000000000000000000 0.000000000000000000 1 0.500000000000000000
neuron 3 1.000000000000000000 0.000000000000000000 0.000000000000000000 0.000000000000000000 1 0.500000000000000000
neuron 3 1.000000000000000000 0.000000000000000000 0.000000000000000000 0.000000000000000000 1 0.500000000000000000
neuron 3 1.000000000000000000 0.000000000000000000 0.000000000000000000 0.000000000000000000 1 0.250000000000000000
neuron 3 1.000000000000000000 0.000000000000000000 0.000000000000000000 0.000000000000000000 2 0.250000000000000000
neuron 3 1.000000000000000000 0.000000000000000000 0.000000000000000000 0.000000000000000000 1 0.250000000000000000
neuron 3 1.000000000000000000 0.000000000000000000 0.000000000000000000 0.000000000000000000 1 0.250000000000000000
neuron 3 1.000000000000000000 0.000000000000000000 0.000000000000000000 0.000000000000000000 1 0.250000000000000000
neuron 3 1.000000000000000000 0.000000000000000000 0.000000000000000000 0.000000000000000000 2 0.250000000000000000
neuron 3 1.000000000000000000 0.000000000000000000 0.000000000000000000 0.000000000000000000 0 0.750000000000000000
neuron 3 1.000000000000000000 0.000000000000000000 0.000000000000000000 0.000000000000000000 1 0.250000000000000000
neuron 3 1.000000000000000000 0.000000000000000000 0.000000000000000000 0.000000000000000000 1 0.250000000000000000
neuron 3 1.000000000000000000 0.000000000000000000 0.000000000000000000 0.000000000000000000 1 0.250000000000000000
neuron 3 1.000000000000000000 0.000000000000000000 0.000000000000000000 0.000000000000000000 4 0.750000000000000000
connection 0 53 -0.760426694032503292 0 0.299999999999999989 0.100000000000000006
connection 1 53 1.548034141829703003 0 0.299999999999999989 0.100000000000000006
connection 2 53 -0.170634549049282214 0 0.299999999999999989 0.100000000000000006
connection 3 53 1.489022360387025401 0 0.299999999999999989 0.100000000000000006
connection 4 53 -1.756750050146365538 0 0.299999999999999989 0.100000000000000006
connection 5 53 0.800915306113893166 0 0.299999999999999989 0.100000000000000006
connection 6 53 1.431684463714191224 0 0.299999999999999989 0.100000000000000006
connection 7 53 1.064818935774383135 0 0.299999999999999989 0.100000000000000006
connection 8 53 0.512920177803607658 0 0.299999999999999989 0.100000000000000006
connection 9 53 0.032849793497007340 0 0.299999999999999989 0.100000000000000006
connection 10 53 1.691046190517226933 0 0.299999999999999989 0.100000000000000006
connection 11 53 -0.416855772418784909 0 0.299999999999999989 0.100000000000000006
connection 12 53 0.421438249992206693 0 0.299999999999999989 0.100000000000000006
connection 13 53 0.469603942707180977 0 0.299999999999999989 0.100000000000000006
connection 14 53 1.551485728465195280 0 0.299999999999999989 0.100000000000000006
connection 15 53 -3.179072896920843050 0 0.299999999999999989 0.100000000000000006
connection 16 53 -0.241724411705945386 0 0.299999999999999989 0.100000000000000006
connection 17 53 0.406322482274845243 0 0.299999999999999989 0.100000000000000006
connection 18 53 -7.924596582772210240 0 0.299999999999999989 0.100000000000000006
connection 19 53 -0.391285177654935978 0 0.299999999999999989 0.100000000000000006
connection 20 53 -1.102289201749954373 0 0.299999999999999989 0.100000000000000006
connection 21 53 -0.210236141101631802 0 0.299999999999999989 0.100000000000000006
connection 22 53 -2.439086642320035025 0 0.299999999999999989 0.100000000000000006
connection 23 53 -0.420977660800417652 0 0.299999999999999989 0.100000000000000006
connection 24 53 -1.341744824007037096 0 0.299999999999999989 0.100000000000000006
connection 25 53 -3.609528112923726439 0 0.299999999999999989 0.100000000000000006
connection 26 53 0.680394958937540650 0 0.299999999999999989 0.100000000000000006
connection 27 53 -0.272903528762981296 0 0.299999999999999989 0.100000000000000006
connection 28 53 -0.189851927454583347 0 0.299999999999999989 0.100000000000000006
connection 29 53 1.188220170952263288 0 0.299999999999999989 0.100000000000000006
connection 30 53 1.362937872752809199 0 0.299999999999999989 0.100000000000000006
connection 31 53 1.357632257771911100 0 0.299999999999999989 0.100000000000000006
connection 32 53 1.555199241440277547 0 0.299999999999999989 0.100000000000000006
connection 33 53 -1.405320531070174184 0 0.299999999999999989 0.100000000000000006
connection 34 53 0.064615390787366778 0 0.299999999999999989 0.100000000000000006
connection 35 53 1.140826580380235100 0 0.299999999999999989 0.100000000000000006
connection 36 53 -1.456397766944064642 0 0.299999999999999989 0.100000000000000006
connection 37 53 -2.291634145774878561 0 0.299999999999999989 0.100000000000000006
connection 38 53 -2.346336789818451507 0 0.299999999999999989 0.100000000000000006
connection 39 53 0.448671219870448112 0 0.299999999999999989 0.100000000000000006
connection 40 53 0.233076845528557897 0 0.299999999999999989 0.100000000000000006
connection 41 53 0.450125364703126252 0 0.299999999999999989 0.100000000000000006
connection 42 53 1.119142499457666418 0 0.299999999999999989 0.100000000000000006
connection 43 53 -0.028763118432834744 0 0.299999999999999989 0.100000000000000006
connection 44 53 0.445933440223598154 0 0.299999999999999989 0.100000000000000006
connection 45 53 -0.390967673854902387 0 0.299999999999999989 0.100000000000000006
connection 46 53 1.877864591660909355 0 0.299999999999999989 0.100000000000000006
connection 47 53 1.551708170678466558 0 0.299999999999999989 0.100000000000000006
connection 0 54 1.874850643740501255 0 0.299999999999999989 0.100000000000000006
connection 1 54 -1.068389242282137275 0 0.299999999999999989 0.100000000000000006
connection 2 54 -0.884448162047192454 0 0.299999999999999989 0.100000000000000006
connection 3 54 -2.208903878585260827 0 0.299999999999999989 0.100000000000000006
connection 5 54 -0.995873309992020950 0 0.299999999999999989 0.100000000000000006
connection 6 54 -2.500120961471111514 0 0.299999999999999989 0.100000000000000006
connection 7 54 0.276444751638337038 0 0.299999999999999989 0.100000000000000006
connection 8 54 -1.233620716324367095 0 0.299999999999999989 0.100000000000000006
connection 9 54 1.102738882822450250 0 0.299999999999999989 0.100000000000000006
connection 10 54 0.827743847039528191 0 0.299999999999999989 0.100000000000000006
connection 11 54 -1.159686660983425099 0 0.299999999999999989 0.100000000000000006
connection 12 54 -0.101305061019957066 0 0.299999999999999989 0.100000000000000006
connection 13 54 -0.108869988936930895 0 0.299999999999999989 0.100000000000000006
connection 14 54 -0.198751223389990628 0 0.299999999999999989 0.100000000000000006
connection 15 54 -1.282065429495560238 0 0.299999999999999989 0.100000000000000006
connection 16 54 1.472390718431597634 0 0.299999999999999989 0.100000000000000006
connection 17 54 -1.761942758806981146 0 0.299999999999999989 0.100000000000000006
connection 18 54 0.975164523377316073 0 0.299999999999999989 0.100000000000000006
connection 19 54 0.369494769489392638 0 0.299999999999999989 0.100000000000000006
connection 20 54 0.059080456510855583 0 0.299999999999999989 0.100000000000000006
connection 21 54 -0.912659491878002882 0 0.299999999999999989 0.100000000000000006
connection 22 54 1.478971869204542600 0 0.299999999999999989 0.100000000000000006
connection 23 54 -0.108649267815053463 0 0.299999999999999989 0.100000000000000006
connection 24 54 -0.896364974942116532 0 0.299999999999999989 0.100000000000000006
connection 25 54 -0.628866721119266003 0 0.299999999999999989 0.100000000000000006
connection 26 54 -1.242008210887433961 0 0.299999999999999989 0.100000000000000006
connection 27 54 0.833706488224606801 0 0.299999999999999989 0.100000000000000006
connection 28 54 -0.851656587299657986 0 0.299999999999999989 0.100000000000000006
connection 29 54 0.430284438800299540 0 0.299999999999999989 0.100000000000000006
connection 30 54 -0.438844810472801328 0 0.299999999999999989 0.100000000000000006
connection 31 54 -1.450507041998207569 0 0.299999999999999989 0.100000000000000006
connection 32 54 -1.846073206441360526 0 0.299999999999999989 0.100000000000000006
connection 33 54 -0.510727632790803909 0 0.299999999999999989 0.100000000000000006
connection 34 54 0.003473973047221079 0 0.299999999999999989 0.100000000000000006
connection 35 54 -0.584191298956284299 0 0.299999999999999989 0.100000000000000006
connection 36 54 0.395635597640648484 0 0.299999999999999989 0.100000000000000006
connection 37 54 2.546600330082355867 0 0.299999999999999989 0.100000000000000006
connection 38 54 0.847652717722667148 0 0.299999999999999989 0.100000000000000006
connection 39 54 -1.083447217766661197 0 0.299999999999999989 0.100000000000000006
connection 40 54 0.433902364398818463 0 0.299999999999999989 0.100000000000000006
connection 41 54 0.095075268996879458 0 0.299999999999999989 0.100000000000000006
connection 42 54 1.090579897267161869 0 0.299999999999999989 0.100000000000000006
connection 43 54 -0.994124212425958831 0 0.299999999999999989 0.100000000000000006
connection 44 54 -1.845859864377416670 0 0.299999999999999989 0.100000000000000006
connection 45 54 -0.125598704558797181 0 0.299999999999999989 0.100000000000000006
connection 46 54 0.156647511757910252 0 0.299999999999999989 0.100000000000000006
connection 47 54 0.981704486694070511 0 0.299999999999999989 0.100000000000000006
connection 0 55 -3.286483088100794703 0 0.299999999999999989 0.100000000000000006
connection 1 55 0.975456920161377639 0 0.299999999999999989 0.100000000000000006
connection 2 55 0.308825659156923393 0 0.299999999999999989 0.100000000000000006
connection 3 55 1.956025298946769908 0 0.299999999999999989 0.100000000000000006
connection 4 55 -4.430638575606280938 0 0.299999999999999989 0.100000000000000006
connection 5 55 1.266351681726519018 0 0.299999999999999989 0.100000000000000006
connection 6 55 -2.509253527969121933 0 0.299999999999999989 0.100000000000000006
connection 7 55 -1.576830371457617730 0 0.299999999999999989 0.100000000000000006
connection 8 55 -0.974097293335944414 0 0.299999999999999989 0.100000000000000006
connection 9 55 -0.995286070392467082 0 0.299999999999999989 0.100000000000000006
connection 10 55 -3.005266424137516879 0 0.299999999999999989 0.100000000000000006
connection 11 55 3.678791830869158730 0 0.299999999999999989 0.100000000000000006
connection 12 55 0.710527151153655723 0 0.299999999999999989 0.100000000000000006
connection 13 55 2.705144164028752130 0 0.299999999999999989 0.100000000000000006
connection 14 55 1.585403985867742449 0 0.299999999999999989 0.100000000000000006
connection 15 55 0.125635388321825303 0 0.299999999999999989 0.100000000000000006
connection 16 55 -0.653669781633652747 0 0.299999999999999989 0.100000000000000006
connection 17 55 -0.355299929709872231 0 0.299999999999999989 0.100000000000000006
connection 18 55 -2.974360578473806527 0 0.299999999999999989 0.100000000000000006
connection 19 55 -0.148771852836944163 0 0.299999999999999989 0.100000000000000006
connection 20 55 0.890168068232014775 0 0.299999999999999989 0.100000000000000006
connection 22 55 -1.197142967207582842 0 0.299999999999999989 0.100000000000000006
connection 23 55 0.238892145571298897 0 0.299999999999999989 0.100000000000000006
connection 24 55 0.785518321616109461 0 0.299999999999999989 0.100000000000000006
connection 25 55 1.109252465801546350 0 0.299999999999999989 0.100000000000000006
connection 27 55 0.946760775288566947 0 0.299999999999999989 0.100000000000000006
connection 28 55 -1.214564218840678222 0 0.299999999999999989 0.100000000000000006
connection 29 55 1.063144674826617120 0 0.299999999999999989 0.100000000000000006
connection 30 55 -2.137238664647156838 0 0.299999999999999989 0.100000000000000006
connection 31 55 -0.668790227930003311 0 0.299999999999999989 0.100000000000000006
connection 32 55 -1.470438391668722034 0 0.299999999999999989 0.100000000000000006
connection 33 55 -0.426717014408495743 0 0.299999999999999989 0.100000000000000006
connection 34 55 -1.131168772859382443 0 0.299999999999999989 0.100000000000000006
connection 35 55 -1.490434063043721835 0 0.299999999999999989 0.100000000000000006
connection 36 55 -0.074277907580835745 0 0.299999999999999989 0.100000000000000006
connection 37 55 -3.279265009361552075 0 0.299999999999999989 0.100000000000000006
connection 39 55 0.196340058952955587 0 0.299999999999999989 0.100000000000000006
connection 40 55 -1.511259363265708089 0 0.299999999999999989 0.100000000000000006
connection 41 55 -0.097258650639560074 0 0.299999999999999989 0.100000000000000006
connection 42 55 0.029482527403160930 0 0.299999999999999989 0.100000000000000006
connection 43 55 -2.620907559212355409 0 0.299999999999999989 0.100000000000000006
connection 44 55 -0.179721663589589298 0 0.299999999999999989 0.100000000000000006
connection 45 55 2.504340061204857193 0 0.299999999999999989 0.100000000000000006
connection 46 55 0.747797790449112654 0 0.299999999999999989 0.100000000000000006
connection 47 55 4.185314577756798826 0 0.299999999999999989 0.100000000000000006
connection 0 56 4.191451907681766897 0 0.299999999999999989 0.100000000000000006
connection 1 56 -1.651034732407424599 0 0.299999999999999989 0.100000000000000006
connection 2 56 -0.505173861689399928 0 0.299999999999999989 0.100000000000000006
connection 3 56 1.964705671387491748 0 0.299999999999999989 0.100000000000000006
connection 4 56 -0.882113551822840236 0 0.299999999999999989 0.100000000000000006
connection 5 56 -0.757662417843675939 0 0.299999999999999989 0.100000000000000006
connection 6 56 0.092514356801984832 0 0.299999999999999989 0.100000000000000006
connection 8 56 -2.226609703269787133 0 0.299999999999999989 0.100000000000000006
connection 9 56 -1.907382091165345628 0 0.299999999999999989 0.100000000000000006
connection 10 56 0.916567370761185884 0 0.299999999999999989 0.100000000000000006
connection 11 56 -1.743277937348466367 0 0.299999999999999989 0.100000000000000006
connection 12 56 0.927783548308070749 0 0.299999999999999989 0.100000000000000006
connection 13 56 -2.377545327442931011 0 0.299999999999999989 0.100000000000000006
connection 14 56 -2.167884333699475974 0 0.299999999999999989 0.100000000000000006
connection 15 56 -0.115411654696799815 0 0.299999999999999989 0.100000000000000006
connection 16 56 2.073728036979446188 0 0.299999999999999989 0.100000000000000006
connection 17 56 1.241458859923113778 0 0.299999999999999989 0.100000000000000006
connection 18 56 -1.317220767836261075 0 0.299999999999999989 0.100000000000000006
connection 19 56 0.232218985591316596 0 0.299999999999999989 0.100000000000000006
connection 20 56 0.480128200812032446 0 0.299999999999999989 0.100000000000000006
connection 21 56 -1.208984880067873746 0 0.299999999999999989 0.100000000000000006
connection 23 56 0.507978777226526290 0 0.299999999999999989 0.100000000000000006
connection 24 56 -1.697214449523016810 0 0.299999999999999989 0.100000000000000006
connection 25 56 -0.468136935487564187 0 0.299999999999999989 0.100000000000000006
connection 26 56 0.626630014875217967 0 0.299999999999999989 0.100000000000000006
connection 27 56 -1.183924894743540790 0 0.299999999999999989 0.100000000000000006
connection 28 56 0.798298169975169003 0 0.299999999999999989 0.100000000000000006
connection 29 56 -0.313702496132464148 0 0.299999999999999989 0.100000000000000006
connection 30 56 -0.443890961469151080 0 0.299999999999999989 0.100000000000000006
connection 31 56 0.338071792153641582 0 0.299999999999999989 0.100000000000000006
connection 32 56 1.012819777010008693 0 0.299999999999999989 0.100000000000000006
connection 33 56 0.004227422963595018 0 0.299999999999999989 0.100000000000000006
connection 34 56 0.217554282513447106 0 0.299999999999999989 0.100000000000000006
connection 35 56 -0.401530406059464440 0 0.299999999999999989 0.100000000000000006
connection 36 56 -0.873789901073905639 0 0.299999999999999989 0.100000000000000006
connection 37 56 1.461353099206462502 0 0.299999999999999989 0.100000000000000006
connection 38 56 2.318260975778684951 0 0.299999999999999989 0.100000000000000006
connection 39 56 -0.417291472200304270 0 0.299999999999999989 0.100000000000000006
connection 40 56 0.043135232059285045 0 0.299999999999999989 0.100000000000000006
connection 41 56 -0.430795516454963945 0 0.299999999999999989 0.100000000000000006
connection 42 56 -0.504455001508176792 0 0.299999999999999989 0.100000000000000006
connection 43 56 1.139563517703209072 0 0.299999999999999989 0.100000000000000006
connection 44 56 -0.827307352097705007 0 0.299999999999999989 0.100000000000000006
connection 45 56 0.825312388003567321 0 0.299999999999999989 0.100000000000000006
connection 46 56 -0.439193699625320733 0 0.299999999999999989 0.100000000000000006
connection 47 56 -0.930460598319768906 0 0.299999999999999989 0.100000000000000006
connection 0 57 -0.777118299913126975 0 0.299999999999999989 0.100000000000000006
connection 1 57 -0.370278513029916212 0 0.299999999999999989 0.100000000000000006
connection 2 57 -0.410881846910342574 0 0.299999999999999989 0.100000000000000006
connection 3 57 -0.293197721737669781 0 0.299999999999999989 0.100000000000000006
connection 4 57 -0.437251979039444905 0 0.299999999999999989 0.100000000000000006
connection 5 57 1.917787358717760071 0 0.299999999999999989 0.100000000000000006
connection 6 57 -1.996280561739695258 0 0.299999999999999989 0.100000000000000006
connection 7 57 -4.059730585984652862 0 0.299999999999999989 0.100000000000000006
connection 8 57 0.121369865351880435 0 0.299999999999999989 0.100000000000000006
connection 9 57 -0.920298761477170046 0 0.299999999999999989 0.100000000000000006
connection 10 57 -1.099924718424517778 0 0.299999999999999989 0.100000000000000006
connection 11 57 -0.345060177470259077 0 0.299999999999999989 0.100000000000000006
connection 12 57 3.253724757787495037 0 0.299999999999999989 0.100000000000000006
connection 13 57 -1.319492873721173964 0 0.299999999999999989 0.100000000000000006
connection 14 57 0.731899556936696172 0 0.299999999999999989 0.100000000000000006
connection 15 57 0.768166517606005073 0 0.299999999999999989 0.100000000000000006
connection 16 57 -4.769188441459846217 0 0.299999999999999989 0.100000000000000006
connection 17 57 -1.702262133607291616 0 0.299999999999999989 0.100000000000000006
connection 18 57 0.325231575385259930 0 0.299999999999999989 0.100000000000000006
connection 19 57 0.065026086779653269 0 0.299999999999999989 0.100000000000000006
connection 20 57 -3.096812776345245766 0 0.299999999999999989 0.100000000000000006
connection 21 57 -0.751219258934725076 0 0.299999999999999989 0.100000000000000006
connection 22 57 -1.074506062053842470 0 0.299999999999999989 0.100000000000000006
connection 23 57 -0.587359775294316933 0 0.299999999999999989 0.100000000000000006
connection 24 57 -0.228436684847110882 0 0.299999999999999989 0.100000000000000006
connection 25 57 1.482374502156744711 0 0.299999999999999989 0.100000000000000006
connection 26 57 0.301185007265303284 0 0.299999999999999989 0.100000000000000006
connection 27 57 0.965920687638572417 0 0.299999999999999989 0.100000000000000006
connection 28 57 1.061234600074385526 0 0.299999999999999989 0.100000000000000006
connection 29 57 -0.801990073639899492 0 0.299999999999999989 0.100000000000000006
connection 30 57 -0.635576287080766633 0 0.299999999999999989 0.100000000000000006
connection 31 57 -3.377692595269763842 0 0.299999999999999989 0.100000000000000006
connection 32 57 0.345256671818788163 0 0.299999999999999989 0.100000000000000006
connection 33 57 -0.296906031639082357 0 0.299999999999999989 0.100000000000000006
connection 34 57 1.000060267462686170 0 0.299999999999999989 0.100000000000000006
connection 35 57 -0.691796070605050772 0 0.299999999999999989 0.100000000000000006
connection 36 57 -1.793868554879736621 0 0.299999999999999989 0.100000000000000006
connection 37 57 -0.122873412445187569 0 0.299999999999999989 0.100000000000000006
connection 38 57 -0.308686537435278296 0 0.299999999999999989 0.100000000000000006
connection 39 57 -0.610973668633960187 0 0.299999999999999989 0.100000000000000006
connection 40 57 0.310185613256180659 0 0.299999999999999989 0.100000000000000006
connection 41 57 0.744316856877048849 0 0.299999999999999989 0.100000000000000006
connection 42 57 0.862978305856813677 0 0.299999999999999989 0.100000000000000006
connection 43 57 1.036618045000068378 0 0.299999999999999989 0.100000000000000006
connection 44 57 0.637934209604281932 0 0.299999999999999989 0.100000000000000006
connection 45 57 0.074079632708162535 0 0.299999999999999989 0.100000000000000006
connection 46 57 0.334991691168397665 0 0.299999999999999989 0.100000000000000006
connection 47 57 -2.148480011077481322 0 0.299999999999999989 0.100000000000000006
connection 0 58 -0.958803509012795985 0 0.299999999999999989 0.100000000000000006
connection 1 58 -0.839064209998468868 0 0.299999999999999989 0.100000000000000006
connection 2 58 -0.681915800669230521 0 0.299999999999999989 0.100000000000000006
connection 3 58 2.367359509982634336 0 0.299999999999999989 0.100000000000000006
connection 4 58 0.482506552303675562 0 0.299999999999999989 0.100000000000000006
connection 5 58 -1.175600958871655166 0 0.299999999999999989 0.100000000000000006
connection 6 58 -0.941586986900802003 0 0.299999999999999989 0.100000000000000006
connection 7 58 1.083273215954250190 0 0.299999999999999989 0.100000000000000006
connection 8 58 1.870431407194701023 0 0.299999999999999989 0.100000000000000006
connection 9 58 1.371172335551818833 0 0.299999999999999989 0.100000000000000006
connection 10 58 1.197912850810098462 0 0.299999999999999989 0.100000000000000006
connection 11 58 1.769762635987717658 0 0.299999999999999989 0.100000000000000006
connection 12 58 0.016918219625949860 0 0.299999999999999989 0.100000000000000006
connection 13 58 -0.779482067906428711 0 0.299999999999999989 0.100000000000000006
connection 14 58 0.800947606796398759 0 0.299999999999999989 0.100000000000000006
connection 15 58 2.570477760775247589 0 0.299999999999999989 0.100000000000000006
connection 17 58 3.032026786007918417 0 0.299999999999999989 0.100000000000000006
connection 18 58 -1.359028348857464152 0 0.299999999999999989 0.100000000000000006
connection 19 58 -1.312440414563752711 0 0.299999999999999989 0.100000000000000006
connection 20 58 -0.268379164714133367 0 0.299999999999999989 0.100000000000000006
connection 21 58 0.093622053798753768 0 0.299999999999999989 0.100000000000000006
connection 22 58 -0.020115771651035175 0 0.299999999999999989 0.100000000000000006
connection 23 58 0.188778926196391694 0 0.299999999999999989 0.100000000000000006
connection 25 58 -0.442304754047654569 0 0.299999999999999989 0.100000000000000006
connection 26 58 0.004848772587138228 0 0.299999999999999989 0.100000000000000006
connection 27 58 -0.186017883286694996 0 0.299999999999999989 0.100000000000000006
connection 28 58 -3.102660607197321951 0 0.299999999999999989 0.100000000000000006
connection 29 58 -0.357086609583348036 0 0.299999999999999989 0.100000000000000006
connection 30 58 0.142966181214433163 0 0.299999999999999989 0.100000000000000006
connection 31 58 0.007066942203891813 0 0.299999999999999989 0.100000000000000006
connection 32 58 0.301077125499432441 0 0.299999999999999989 0.100000000000000006
connection 33 58 -1.279113075235219554 0 0.299999999999999989 0.100000000000000006
connection 34 58 0.217066156445071101 0 0.299999999999999989 0.100000000000000006
connection 35 58 -0.303235472145388485 0 0.299999999999999989 0.100000000000000006
connection 36 58 -1.865516388330433983 0 0.299999999999999989 0.100000000000000006
connection 37 58 1.597777198010589927 0 0.299999999999999989 0.100000000000000006
connection 38 58 -0.348162025306010037 0 0.299999999999999989 0.100000000000000006
connection 39 58 -1.323883912213204894 0 0.299999999999999989 0.100000000000000006
connection 40 58 -1.033412392505852040 0 0.299999999999999989 0.100000000000000006
connection 41 58 1.134048133681062609 0 0.299999999999999989 0.100000000000000006
connection 42 58 -0.052122317712928634 0 0.299999999999999989 0.100000000000000006
connection 43 58 -1.216715624825155828 0 0.299999999999999989 0.100000000000000006
connection 44 58 0.601506441365927458 0 0.299999999999999989 0.100000000000000006
connection 45 58 -1.780824920795566868 0 0.299999999999999989 0.100000000000000006
connection 46 58 -1.253377877961611375 0 0.299999999999999989 0.100000000000000006
connection 47 58 -0.549020507516615908 0 0.299999999999999989 0.100000000000000006
connection 0 59 0.922155968582956120 0 0.299999999999999989 0.100000000000000006
connection 2 59 -0.523662679348490201 0 0.299999999999999989 0.100000000000000006
connection 3 59 0.294592318125069141 0 0.299999999999999989 0.100000000000000006
connection 4 59 -0.127530564321205020 0 0.299999999999999989 0.100000000000000006
connection 5 59 1.657590345130302012 0 0.299999999999999989 0.100000000000000006
connection 6 59 -2.140725864766864106 0 0.299999999999999989 0.100000000000000006
connection 7 59 -0.362841679894700064 0 0.299999999999999989 0.100000000000000006
connection 8 59 -0.476907227377523668 0 0.299999999999999989 0.100000000000000006
connection 9 59 -1.030287725618109107 0 0.299999999999999989 0.100000000000000006
connection 10 59 -1.144762148178415373 0 0.299999999999999989 0.100000000000000006
connection 11 59 -0.552548115694662556 0 0.299999999999999989 0.100000000000000006
connection 12 59 0.199644129723310471 0 0.299999999999999989 0.100000000000000006
connection 13 59 1.155522612389177084 0 0.299999999999999989 0.100000000000000006
connection 14 59 0.186722667218418792 0 0.299999999999999989 0.100000000000000006
connection 15 59 0.509211162483552471 0 0.299999999999999989 0.100000000000000006
connection 16 59 -0.685793541604653001 0 0.299999999999999989 0.100000000000000006
connection 17 59 -0.502694381917535793 0 0.299999999999999989 0.100000000000000006
connection 18 59 -1.001127411280322121 0 0.299999999999999989 0.100000000000000006
connection 19 59 -2.195500153582543135 0 0.299999999999999989 0.100000000000000006
connection 20 59 -1.269172358202467876 0 0.299999999999999989 0.100000000000000006
connection 21 59 0.640651573921786621 0 0.299999999999999989 0.100000000000000006
connection 22 59 -1.608927561049313226 0 0.299999999999999989 0.100000000000000006
connection 23 59 -1.399654960885527544 0 0.299999999999999989 0.100000000000000006
connection 24 59 -1.608474179316544905 0 0.299999999999999989 0.100000000000000006
connection 25 59 -0.386697686644765781 0 0.299999999999999989 0.100000000000000006
connection 26 59 0.532101490272907540 0 0.299999999999999989 0.100000000000000006
connection 28 59 0.266605150885879993 0 0.299999999999999989 0.100000000000000006
connection 29 59 -0.703628423769259825 0 0.299999999999999989 0.100000000000000006
connection 30 59 -1.154491955167031847 0 0.299999999999999989 0.100000000000000006
connection 31 59 0.603944357018917799 0 0.299999999999999989 0.100000000000000006
connection 32 59 0.323744557594181970 0 0.299999999999999989 0.100000000000000006
connection 33 59 0.648774575063725933 0 0.299999999999999989 0.100000000000000006
connection 34 59 -1.237279726658016443 0 0.299999999999999989 0.100000000000000006
connection 35 59 -1.546915799703128869 0 0.299999999999999989 0.100000000000000006
connection 36 59 1.559784414457681123 0 0.299999999999999989 0.100000000000000006
connection 37 59 -0.881441973095206777 0 0.299999999999999989 0.100000000000000006
connection 38 59 -0.724279378940991592 0 0.299999999999999989 0.100000000000000006
connection 39 59 2.262646224844502285 0 0.299999999999999989 0.100000000000000006
connection 40 59 0.267941009078640491 0 0.299999999999999989 0.100000000000000006
connection 41 59 -0.134912889683619142 0 0.299999999999999989 0.100000000000000006
connection 42 59 1.178127625054912642 0 0.299999999999999989 0.100000000000000006
connection 43 59 -0.731023053842363879 0 0.299999999999999989 0.100000000000000006
connection 44 59 -2.434326015936676413 0 0.299999999999999989 0.100000000000000006
connection 45 59 0.480543306551226124 0 0.299999999999999989 0.100000000000000006
connection 46 59 0.262369107455015182 0 0.299999999999999989 0.100000000000000006
connection 47 59 -3.230740330669505056 0 0.299999999999999989 0.100000000000000006
connection 0 60 0.368818484443181660 0 0.299999999999999989 0.100000000000000006
connection 1 60 0.213078377273632213 0 0.299999999999999989 0.100000000000000006
connection 2 60 -0.378717838000738993 0 0.299999999999999989 0.100000000000000006
connection 3 60 -0.035530484514310956 0 0.299999999999999989 0.100000000000000006
connection 4 60 -0.137004404794424772 0 0.299999999999999989 0.100000000000000006
connection 5 60 0.048245927086099982 0 0.299999999999999989 0.100000000000000006
connection 6 60 1.929575388885496068 0 0.299999999999999989 0.100000000000000006
connection 7 60 0.848184613508692564 0 0.299999999999999989 0.100000000000000006
connection 8 60 -0.890169965365203097 0 0.299999999999999989 0.100000000000000006
connection 9 60 -3.983100604949868284 0 0.299999999999999989 0.100000000000000006
connection 10 60 -0.741112493305990938 0 0.299999999999999989 0.100000000000000006
connection 11 60 1.223849699512356892 0 0.299999999999999989 0.100000000000000006
connection 12 60 -1.467819373065140098 0 0.299999999999999989 0.100000000000000006
connection 13 60 1.908366355404723436 0 0.299999999999999989 0.100000000000000006
connection 14 60 -1.316583610307134222 0 0.299999999999999989 0.100000000000000006
connection 15 60 0.275056289450276381 0 0.299999999999999989 0.100000000000000006
connection 16 60 -0.647631328087300062 0 0.299999999999999989 0.100000000000000006
connection 17 60 2.650408664208953269 0 0.299999999999999989 0.100000000000000006
connection 18 60 0.083796002989402041 0 0.299999999999999989 0.100000000000000006
connection 19 60 -1.624663333897842676 0 0.299999999999999989 0.100000000000000006
connection 20 60 1.126149254414485767 0 0.299999999999999989 0.100000000000000006
connection 21 60 4.309139256260095863 0 0.299999999999999989 0.100000000000000006
connection 22 60 -1.069872257819952210 0 0.299999999999999989 0.100000000000000006
connection 23 60 -1.252099345438182354 0 0.299999999999999989 0.100000000000000006
connection 24 60 -0.990184727124869823 0 0.299999999999999989 0.100000000000000006
connection 25 60 -1.347463488520588726 0 0.299999999999999989 0.100000000000000006
connection 27 60 -0.899558387754950672 0 0.299999999999999989 0.100000000000000006
connection 28 60 -1.819487666216446087 0 0.299999999999999989 0.100000000000000006
connection 30 60 0.105303853837540373 0 0.299999999999999989 0.100000000000000006
connection 31 60 -0.775667673879070207 0 0.299999999999999989 0.100000000000000006
connection 32 60 0.504554158909741091 0 0.299999999999999989 0.100000000000000006
connection 33 60 1.378680369167341269 0 0.299999999999999989 0.100000000000000006
connection 34 60 2.920435029911459424 0 0.299999999999999989 0.100000000000000006
connection 35 60 -0.537337301298975945 0 0.299999999999999989 0.100000000000000006
connection 36 60 -0.214690370110474760 0 0.299999999999999989 0.100000000000000006
connection 37 60 -1.130223004971412593 0 0.299999999999999989 0.100000000000000006
connection 38 60 0.723897753050550818 0 0.299999999999999989 0.100000000000000006
connection 39 60 1.008113468065857887 0 0.299999999999999989 0.100000000000000006
connection 40 60 1.431466276582796127 0 0.299999999999999989 0.100000000000000006
connection 41 60 0.519748123544559348 0 0.299999999999999989 0.100000000000000006
connection 42 60 -0.260277993530735330 0 0.299999999999999989 0.100000000000000006
connection 43 60 0.410724581277463585 0 0.299999999999999989 0.100000000000000006
connection 44 60 -1.447516634078056086 0 0.299999999999999989 0.100000000000000006
connection 45 60 -1.060438724365667440 0 0.299999999999999989 0.100000000000000006
connection 46 60 1.859330673469230533 0 0.299999999999999989 0.100000000000000006
connection 47 60 -1.706003689367207699 0 0.299999999999999989 0.100000000000000006
connection 0 61 0.997220775418099947 0 0.299999999999999989 0.100000000000000006
connection 1 61 -1.087784439372626366 0 0.299999999999999989 0.100000000000000006
connection 2 61 2.054502155267982744 0 0.299999999999999989 0.100000000000000006
connection 3 61 -1.132443314883857965 0 0.299999999999999989 0.100000000000000006
connection 4 61 0.402478200070618186 0 0.299999999999999989 0.100000000000000006
connection 5 61 -0.167774462373927236 0 0.299999999999999989 0.100000000000000006
connection 6 61 0.858416662609670311 0 0.299999999999999989 0.100000000000000006
connection 7 61 1.354216594641911797 0 0.299999999999999989 0.100000000000000006
connection 8 61 0.808551062538754195 0 0.299999999999999989 0.100000000000000006
connection 9 61 1.457671092939563096 0 0.299999999999999989 0.100000000000000006
connection 10 61 0.467785949585959315 0 0.299999999999999989 0.100000000000000006
connection 11 61 -0.737193085369654000 0 0.299999999999999989 0.100000000000000006
connection 12 61 0.537607565900543705 0 0.299999999999999989 0.100000000000000006
connection 13 61 1.347612985904561356 0 0.299999999999999989 0.100000000000000006
connection 14 61 -0.632470007636584342 0 0.299999999999999989 0.100000000000000006
connection 15 61 -0.263134304434061050 0 0.299999999999999989 0.100000000000000006
connection 16 61 0.746470847923774272 0 0.299999999999999989 0.100000000000000006
connection 17 61 -1.970853035891195759 0 0.299999999999999989 0.100000000000000006
connection 18 61 -1.441523082554340363 0 0.299999999999999989 0.100000000000000006
connection 19 61 -1.468079883328755386 0 0.299999999999999989 0.100000000000000006
connection 20 61 -0.627095773350447416 0 0.299999999999999989 0.100000000000000006
connection 21 61 -0.892419944011635380 0 0.299999999999999989 0.100000000000000006
connection 22 61 -1.379894398036412895 0 0.299999999999999989 0.100000000000000006
connection 23 61 0.132071488136716653 0 0.299999999999999989 0.100000000000000006
connection 24 61 1.990680575981969014 0 0.299999999999999989 0.100000000000000006
connection 25 61 -0.477918406482785940 0 0.299999999999999989 0.100000000000000006
connection 26 61 -0.805369460773363244 0 0.299999999999999989 0.100000000000000006
connection 27 61 2.659827162597593997 0 0.299999999999999989 0.100000000000000006
connection 28 61 1.062230267607446876 0 0.299999999999999989 0.100000000000000006
connection 29 61 -0.566749306846759282 0 0.299999999999999989 0.100000000000000006
connection 30 61 0.169958269689232111 0 0.299999999999999989 0.100000000000000006
connection 31 61 0.474897599546238780 0 0.299999999999999989 0.100000000000000006
connection 32 61 -1.994393922184372059 0 0.299999999999999989 0.100000000000000006
connection 33 61 0.227570219198241830 0 0.299999999999999989 0.100000000000000006
connection 34 61 -0.640175093285506591 0 0.299999999999999989 0.100000000000000006
connection 35 61 -1.443052603179239668 0 0.299999999999999989 0.100000000000000006
connection 36 61 2.223712220438756049 0 0.299999999999999989 0.100000000000000006
connection 37 61 -0.688199343290762044 0 0.299999999999999989 0.100000000000000006
connection 38 61 -0.949491256556939334 0 0.299999999999999989 0.100000000000000006
connection 39 61 -0.456531587822610163 0 0.299999999999999989 0.100000000000000006
connection 40 61 -1.037665427895262837 0 0.299999999999999989 0.100000000000000006
connection 41 61 -2.273792716601747088 0 0.299999999999999989 0.100000000000000006
connection 42 61 1.099542965559521690 0 0.299999999999999989 0.100000000000000006
connection 43 61 0.258632489596493542 0 0.299999999999999989 0.100000000000000006
connection 44 61 0.052867130376398563 0 0.299999999999999989 0.100000000000000006
connection 45 61 0.649295835974044167 0 0.299999999999999989 0.100000000000000006
connection 46 61 0.731024426699150354 0 0.299999999999999989 0.100000000000000006
connection 47 61 1.326962174276559381 0 0.299999999999999989 0.100000000000000006
connection 0 62 -0.877931638795416802 0 0.299999999999999989 0.100000000000000006
connection 1 62 0.091564001719234511 0 0.299999999999999989 0.100000000000000006
connection 2 62 -0.852628855078364722 0 0.299999999999999989 0.100000000000000006
connection 3 62 0.207430919341277331 0 0.299999999999999989 0.100000000000000006
connection 4 62 4.688034520765768320 0 0.299999999999999989 0.100000000000000006
connection 5 62 -2.170743213631794788 0 0.299999999999999989 0.100000000000000006
connection 6 62 0.233648073270160239 0 0.299999999999999989 0.100000000000000006
connection 7 62 0.706251347859506495 0 0.299999999999999989 0.100000000000000006
connection 8 62 -1.660365654679480940 0 0.299999999999999989 0.100000000000000006
connection 9 62 1.054819148615933955 0 0.299999999999999989 0.100000000000000006
connection 10 62 0.703535841195844114 0 0.299999999999999989 0.100000000000000006
connection 11 62 1.400118805875536054 0 0.299999999999999989 0.100000000000000006
connection 12 62 -1.666081683382799383 0 0.299999999999999989 0.100000000000000006
connection 13 62 -0.126466279616579413 0 0.299999999999999989 0.100000000000000006
connection 14 62 -1.402108287365990691 0 0.299999999999999989 0.100000000000000006
connection 15 62 -0.599744453327730298 0 0.299999999999999989 0.100000000000000006
connection 16 62 -1.870523640827741474 0 0.299999999999999989 0.100000000000000006
connection 17 62 1.754427161155035719 0 0.299999999999999989 0.100000000000000006
connection 18 62 0.654275487744598649 0 0.299999999999999989 0.100000000000000006
connection 19 62 -0.295847252724342979 0 0.299999999999999989 0.100000000000000006
connection 20 62 1.350454752933728741 0 0.299999999999999989 0.100000000000000006
connection 21 62 1.946692336889100261 0 0.299999999999999989 0.100000000000000006
connection 22 62 -1.318496796215185896 0 0.299999999999999989 0.100000000000000006
connection 23 62 0.518664481875021011 0 0.299999999999999989 0.100000000000000006
connection 24 62 1.293380824849009514 0 0.299999999999999989 0.100000000000000006
connection 25 62 2.898859954642830417 0 0.299999999999999989 0.100000000000000006
connection 26 62 -0.830940276850014925 0 0.299999999999999989 0.100000000000000006
connection 27 62 -1.854436984011044842 0 0.299999999999999989 0.100000000000000006
connection 28 62 0.213451122166588902 0 0.299999999999999989 0.100000000000000006
connection 29 62 1.168190381795284338 0 0.299999999999999989 0.100000000000000006
connection 30 62 -0.229322191415121779 0 0.299999999999999989 0.100000000000000006
connection 31 62 2.451826645352412015 0 0.299999999999999989 0.100000000000000006
connection 32 62 -0.213605395343620330 0 0.299999999999999989 0.100000000000000006
connection 33 62 1.809453553401908721 0 0.299999999999999989 0.100000000000000006
connection 34 62 0.311275724205188453 0 0.299999999999999989 0.100000000000000006
connection 35 62 0.831463683396577835 0 0.299999999999999989 0.100000000000000006
connection 36 62 -3.109486522831502953 0 0.299999999999999989 0.100000000000000006
connection 37 62 0.344842193633667193 0 0.299999999999999989 0.100000000000000006
connection 38 62 3.305067118635633960 0 0.299999999999999989 0.100000000000000006
connection 39 62 0.426438000591588207 0 0.299999999999999989 0.100000000000000006
connection 40 62 -0.074654040217865258 0 0.299999999999999989 0.100000000000000006
connection 41 62 -1.125927181790757459 0 0.299999999999999989 0.100000000000000006
connection 42 62 0.350550282048061490 0 0.299999999999999989 0.100000000000000006
connection 43 62 1.224011415964923799 0 0.299999999999999989 0.100000000000000006
connection 44 62 0.092533332484890707 0 0.299999999999999989 0.100000000000000006
connection 45 62 1.121241885259223636 0 0.299999999999999989 0.100000000000000006
connection 46 62 -3.258342523738974705 0 0.299999999999999989 0.100000000000000006
connection 47 62 0.090942061273381114 0 0.299999999999999989 0.100000000000000006
connection 53 48 0.500374913681298494 0 0.299999999999999989 0.100000000000000006
connection 54 48 -2.778862661536550149 0 0.299999999999999989 0.100000000000000006
connection 55 48 1.172204902522935299 0 0.299999999999999989 0.100000000000000006
connection 56 48 1.684085163957206532 0 0.299999999999999989 0.100000000000000006
connection 57 48 -0.327451883444155101 0 0.299999999999999989 0.100000000000000006
connection 58 48 -0.982889358885586262 0 0.299999999999999989 0.100000000000000006
connection 59 48 0.805385199826559983 0 0.299999999999999989 0.100000000000000006
connection 60 48 -0.189835177967324853 0 0.299999999999999989 0.100000000000000006
connection 61 48 0.823809728230116889 0 0.299999999999999989 0.100000000000000006
connection 62 48 -0.276601285619108239 0 0.299999999999999989 0.100000000000000006
connection 53 49 0.130604986938124057 0 0.299999999999999989 0.100000000000000006
connection 54 49 -0.339955466799438000 0 0.299999999999999989 0.100000000000000006
connection 55 49 -1.046612967809778638 0 0.299999999999999989 0.100000000000000006
connection 56 49 -4.303916913515422493 0 0.299999999999999989 0.100000000000000006
connection 57 49 -0.205308868140377854 0 0.299999999999999989 0.100000000000000006
connection 58 49 0.023927445392473601 0 0.299999999999999989 0.100000000000000006
connection 59 49 -2.438296080456893833 0 0.299999999999999989 0.100000000000000006
connection 60 49 0.283078771819418762 0 0.299999999999999989 0.100000000000000006
connection 61 49 -0.210154719679849222 0 0.299999999999999989 0.100000000000000006
connection 62 49 -0.145235702628269792 0 0.299999999999999989 0.100000000000000006
connection 53 50 -0.454011862413608469 0 0.299999999999999989 0.100000000000000006
connection 54 50 -0.218832094644312747 0 0.299999999999999989 0.100000000000000006
connection 55 50 -1.371513042249716818 0 0.299999999999999989 0.100000000000000006
connection 56 50 -1.476301394868642092 0 0.299999999999999989 0.100000000000000006
connection 57 50 1.534145985264331102 0 0.299999999999999989 0.100000000000000006
connection 58 50 1.066081870478228666 0 0.299999999999999989 0.100000000000000006
connection 59 50 0.166014188434928656 0 0.299999999999999989 0.100000000000000006
connection 60 50 0.461818929587025195 0 0.299999999999999989 0.100000000000000006
connection 61 50 -0.915929395938292146 0 0.299999999999999989 0.100000000000000006
connection 62 50 -0.356689121574163437 0 0.299999999999999989 0.100000000000000006
connection 53 51 -1.018375511746853590 0 0.299999999999999989 0.100000000000000006
connection 55 51 1.763786193479973008 0 0.299999999999999989 0.100000000000000006
connection 56 51 0.458834681570806424 0 0.299999999999999989 0.100000000000000006
connection 57 51 -1.582724078209139407 0 0.299999999999999989 0.100000000000000006
connection 58 51 0.950148023328438285 0 0.299999999999999989 0.100000000000000006
connection 59 51 1.605709304261836223 0 0.299999999999999989 0.100000000000000006
connection 60 51 -0.239075879711890593 0 0.299999999999999989 0.100000000000000006
connection 61 51 2.134705912470963085 0 0.299999999999999989 0.100000000000000006
connection 62 51 2.054522809339687228 0 0.299999999999999989 0.100000000000000006
connection 54 52 0.151849284186027944 0 0.299999999999999989 0.100000000000000006
connection 55 52 -2.976794535439694300 0 0.299999999999999989 0.100000000000000006
connection 56 52 -0.281706294241303112 0 0.299999999999999989 0.100000000000000006
connection 57 52 -0.042139628261793405 0 0.299999999999999989 0.100000000000000006
connection 58 52 0.316085900320103974 0 0.299999999999999989 0.100000000000000006
connection 59 52 0.159985137026524171 0 0.299999999999999989 0.100000000000000006
connection 60 52 -2.000472112038551131 0 0.299999999999999989 0.100000000000000006
connection 61 52 -0.336949826509226114 0 0.299999999999999989 0.100000000000000006
connection 62 52 -0.422084426507353783 0 0.299999999999999989 0.100000000000000006
connection 47 48 1.413127006067952607 0 0.299999999999999989 0.100000000000000006
connection 47 49 2.947503336792578921 0 0.299999999999999989 0.100000000000000006
connection 47 50 0.293760762637248263 0 0.299999999999999989 0.100000000000000006
connection 47 51 0.934354492696002126 0 0.299999999999999989 0.100000000000000006
connection 47 52 -1.676138851791620255 0 0.299999999999999989 0.100000000000000006
connection 21 63 -1.140137541806325316 0 0.299999999999999989 0.100000000000000006
connection 63 55 -0.253405180475965608 0 0.299999999999999989 0.100000000000000006
connection 32 50 -0.031609992496669292 0 0.299999999999999989 0.100000000000000006
connection 24 64 -0.068029339425265789 0 0.299999999999999989 0.100000000000000006
connection 64 58 1.130115693798870780 0 0.299999999999999989 0.100000000000000006
connection 52 59 -0.880147198215126991 1 0.299999999999999989 0.100000000000000006
connection 42 51 -1.311656791334826266 0 0.299999999999999989 0.100000000000000006
connection 4 51 -0.194572174979839474 0 0.299999999999999989 0.100000000000000006
connection 22 63 -1.046177938112123229 0 0.299999999999999989 0.100000000000000006
connection 41 65 -2.176859830906323623 0 0.299999999999999989 0.100000000000000006
connection 65 62 -0.324743232908076607 0 0.299999999999999989 0.100000000000000006
connection 60 53 -1.090618304959207308 0 0.299999999999999989 0.100000000000000006
connection 38 48 1.893482262254110537 0 0.299999999999999989 0.100000000000000006
connection 14 49 0.913896997342817485 0 0.299999999999999989 0.100000000000000006
connection 56 56 -3.853277285117655993 1 0.299999999999999989 0.100000000000000006
connection 33 64 -2.598211272590560839 0 0.299999999999999989 0.100000000000000006
connection 61 54 -0.342100657871924341 0 0.299999999999999989 0.100000000000000006
connection 38 64 0.889516217459458858 0 0.299999999999999989 0.100000000000000006
connection 1 65 0.586194448798778467 0 0.299999999999999989 0.100000000000000006
connection 26 66 -0.443496407649945468 0 0.299999999999999989 0.100000000000000006
connection 66 60 -0.287460627499967813 0 0.299999999999999989 0.100000000000000006
connection 33 63 0.875296255107969046 0 0.299999999999999989 0.100000000000000006
connection 14 51 0.151818459853529930 0 0.299999999999999989 0.100000000000000006
connection 37 66 0.076742522884160280 0 0.299999999999999989 0.100000000000000006
connection 60 60 -0.304044820601120591 1 0.299999999999999989 0.100000000000000006
connection 9 65 -0.005168102448806167 0 0.299999999999999989 0.100000000000000006
connection 66 67 0.284003946697339416 0 0.299999999999999989 0.100000000000000006
connection 67 63 -0.814636896597221494 0 0.299999999999999989 0.100000000000000006
connection 63 50 -0.729304282227531075 0 0.299999999999999989 0.100000000000000006
connection 64 57 -0.001122683519497514 0 0.299999999999999989 0.100000000000000006
connection 47 64 0.053524854592978954 0 0.299999999999999989 0.100000000000000006
connection 16 68 0.410823523183353245 0 0.299999999999999989 0.100000000000000006
connection 68 58 0.775505791185423732 0 0.299999999999999989 0.100000000000000006
connection 29 68 0.881946780020371079 0 0.299999999999999989 0.100000000000000006
connection 50 67 0.197171897394582629 1 0.299999999999999989 0.100000000000000006
connection 11 67 0.032473960658535361 0 0.299999999999999989 0.100000000000000006
connection 54 69 0.810936512658372521 0 0.299999999999999989 0.100000000000000006
connection 69 51 -0.511013523209840059 0 0.299999999999999989 0.100000000000000006
connection 29 70 -0.214077602140605450 0 0.299999999999999989 0.100000000000000006
connection 70 60 0.635642309440299869 0 0.299999999999999989 0.100000000000000006
connection 8 70 -0.002003356814384460 0 0.299999999999999989 0.100000000000000006
connection 67 55 -0.453178377589210868 0 0.299999999999999989 0.100000000000000006
connection 1 71 -0.362546397605910897 0 0.299999999999999989 0.100000000000000006
connection 71 59 -0.442312711500562727 0 0.299999999999999989 0.100000000000000006
connection 38 72 0.235759862232953310 0 0.299999999999999989 0.100000000000000006
connection 72 55 0.084730960894376040 0 0.299999999999999989 0.100000000000000006
connection 53 73 -0.534929255256429315 0 0.299999999999999989 0.100000000000000006
connection 73 52 -0.191546883899718523 0 0.299999999999999989 0.100000000000000006
NNend

