NNstart
48 5
neuron 1 0.000000000000000000 0.000000000000000000 0.000000000000000000 0.000000000000000000 1 0.000000000000000000
neuron 1 0.000000000000000000 0.000000000000000000 0.000000000000000000 0.000000000000000000 1 0.000000000000000000
neuron 1 0.000000000000000000 0.000000000000000000 0.000000000000000000 0.000000000000000000 1 0.000000000000000000
neuron 1 0.000000000000000000 0.000000000000000000 0.000000000000000000 0.000000000000000000 1 0.000000000000000000
neuron 1 0.000000000000000000 0.000000000000000000 0.000000000000000000 0.000000000000000000 1 0.000000000000000000
neuron 1 0.000000000000000000 0.000000000000000000 0.000000000000000000 0.000000000000000000 1 0.000000000000000000
neuron 1 0.000000000000000000 0.000000000000000000 0.000000000000000000 0.000000000000000000 1 0.000000000000000000
neuron 1 0.000000000000000000 0.000000000000000000 0.000000000000000000 0.000000000000000000 1 0.000000000000000000
neuron 1 0.000000000000000000 0.000000000000000000 0.000000000000000000 0.000000000000000000 1 0.000000000000000000
neuron 1 0.000000000000000000 0.000000000000000000 0.000000000000000000 0.000000000000000000 1 0.000000000000000000
neuron 1 0.000000000000000000 0.000000000000000000 0.000000000000000000 0.000000000000000000 1 0.000000000000000000
neuron 1 0.000000000000000000 0.000000000000000000 0.000000000000000000 0.000000000000000000 1 0.000000000000000000
neuron 1 0.000000000000000000 0.000000000000000000 0.000000000000000000 0.000000000000000000 1 0.000000000000000000
neuron 1 0.000000000000000000 0.000000000000000000 0.000000000000000000 0.000000000000000000 1 0.000000000000000000
neuron 1 0.000000000000000000 0.000000000000000000 0.000000000000000000 0.000000000000000000 1 0.000000000000000000
neuron 1 0.000000000000000000 0.000000000000000000 0.000000000000000000 0.000000000000000000 1 0.000000000000000000
neuron 1 0.000000000000000000 0.000000000000000000 0.000000000000000000 0.000000000000000000 1 0.000000000000000000
neuron 1 0.000000000000000000 0.000000000000000000 0.000000000000000000 0.000000000000000000 1 0.000000000000000000
neuron 1 0.000000000000000000 0.000000000000000000 0.000000000000000000 0.000000000000000000 1 0.000000000000000000
neuron 1 0.000000000000000000 0.000000000000000000 0.000000000000000000 0.000000000000000000 1 0.000000000000000000
neuron 1 0.000000000000000000 0.000000000000000000 0.000000000000000000 0.000000000000000000 1 0.000000000000000000
neuron 1 0.000000000000000000 0.000000000000000000 0.000000000000000000 0.000000000000000000 1 0.000000000000000000
neuron 1 0.000000000000000000 0.000000000000000000 0.000000000000000000 0.000000000000000000 1 0.000000000000000000
neuron 1 0.000000000000000000 0.000000000000000000 0.000000000000000000 0.000000000000000000 1 0.000000000000000000
neuron 1 0.000000000000000000 0.000000000000000000 0.000000000000000000 0.000000000000000000 1 0.000000000000000000
neuron 1 0.000000000000000000 0.000000000000000000 0.000000000000000000 0.000000000000000000 1 0.000000000000000000
neuron 1 0.000000000000000000 0.000000000000000000 0.000000000000000000 0.000000000000000000 1 0.000000000000000000
neuron 1 0.000000000000000000 0.000000000000000000 0.000000000000000000 0.000000000000000000 1 0.000000000000000000
neuron 1 0.000000000000000000 0.000000000000000000 0.000000000000000000 0.000000000000000000 1 0.000000000000000000
neuron 1 0.000000000000000000 0.000000000000000000 0.000000000000000000 0.000000000000000000 1 0.000000000000000000
neuron 1 0.000000000000000000 0.000000000000000000 0.000000000000000000 0.000000000000000000 1 0.000000000000000000
neuron 1 0.000000000000000000 0.000000000000000000 0.000000000000000000 0.000000000000000000 1 0.000000000000000000
neuron 1 0.000000000000000000 0.000000000000000000 0.000000000000000000 0.000000000000000000 1 0.000000000000000000
neuron 1 0.000000000000000000 0.000000000000000000 0.000000000000000000 0.000000000000000000 1 0.000000000000000000
neuron 1 0.000000000000000000 0.000000000000000000 0.000000000000000000 0.000000000000000000 1 0.000000000000000000
neuron 1 0.000000000000000000 0.000000000000000000 0.000000000000000000 0.000000000000000000 1 0.000000000000000000
neuron 1 0.000000000000000000 0.000000000000000000 0.000000000000000000 0.000000000000000000 1 0.000000000000000000
neuron 1 0.000000000000000000 0.000000000000000000 0.000000000000000000 0.000000000000000000 1 0.000000000000000000
neuron 1 0.000000000000000000 0.000000000000000000 0.000000000000000000 0.000000000000000000 1 0.000000000000000000
neuron 1 0.000000000000000000 0.000000000000000000 0.000000000000000000 0.000000000000000000 1 0.000000000000000000
neuron 1 0.000000000000000000 0.000000000000000000 0.000000000000000000 0.000000000000000000 1 0.000000000000000000
neuron 1 0.000000000000000000 0.000000000000000000 0.000000000000000000 0.000000000000000000 1 0.000000000000000000
neuron 1 0.000000000000000000 0.000000000000000000 0.000000000000000000 0.000000000000000000 1 0.000000000000000000
neuron 1 0.000000000000000000 0.000000000000000000 0.000000000000000000 0.000000000000000000 1 0.000000000000000000
neuron 1 0.000000000000000000 0.000000000000000000 0.000000000000000000 0.000000000000000000 1 0.000000000000000000
neuron 1 0.000000000000000000 0.000000000000000000 0.000000000000000000 0.000000000000000000 1 0.000000000000000000
neuron 1 0.000000000000000000 0.000000000000000000 0.000000000000000000 0.000000000000000000 1 0.000000000000000000
neuron 2 0.000000000000000000 0.000000000000000000 0.000000000000000000 0.000000000000000000 1 0.000000000000000000
neuron 4 1.000000000000000000 0.000000000000000000 0.000000000000000000 0.000000000000000000 1 1.000000000000000000
neuron 4 1.000000000000000000 0.000000000000000000 0.000000000000000000 0.000000000000000000 1 1.000000000000000000
neuron 4 1.000000000000000000 0.000000000000000000 0.000000000000000000 0.000000000000000000 1 1.000000000000000000
neuron 4 1.000000000000000000 0.000000000000000000 0.000000000000000000 0.000000000000000000 1 1.000000000000000000
neuron 4 1.000000000000000000 0.000000000000000000 0.000000000000000000 0.000000000000000000 1 1.000000000000000000
neuron 3 1.000000000000000000 0.000000000000000000 0.000000000000000000 0.000000000000000000 1 0.500000000000000000
neuron 3 1.000000000000000000 0.000000000000000000 0.000000000000000000 0.000000000000000000 1 0.500000000000000000
neuron 3 1.000000000000000000 0.000000000000000000 0.000000000000000000 0.000000000000000000 1 0.500000000000000000
neuron 3 1.000000000000000000 0.000000000000000000 0.000000000000000000 0.000000000000000000 1 0.500000000000000000
neuron 3 1.000000000000000000 0.000000000000000000 0.000000000000000000 0.000000000000000000 1 0.500000000000000000
neuron 3 1.000000000000000000 0.000000000000000000 0.000000000000000000 0.000000000000000000 1 0.500000000000000000
neuron 3 1.000000000000000000 0.000000000000000000 0.000000000000000000 0.000000000000000000 1 0.500000000000000000
neuron 3 1.000000000000000000 0.000000000000000000 0.000000000000000000 0.000000000000000000 1 0.500000000000000000
neuron 3 1.000000000000000000 0.000000000000000000 0.000000000000000000 0.000000000000000000 1 0.500000000000000000
neuron 3 1.000000000000000000 0.000000000000000000 0.000000000000000000 0.000000000000000000 1 0.500000000000000000
neuron 3 1.000000000000000000 0.000000000000000000 0.000000000000000000 0.000000000000000000 1 0.250000000000000000
neuron 3 1.000000000000000000 0.000000000000000000 0.000000000000000000 0.000000000000000000 2 0.250000000000000000
neuron 3 1.000000000000000000 0.000000000000000000 0.000000000000000000 0.000000000000000000 1 0.250000000000000000
neuron 3 1.000000000000000000 0.000000000000000000 0.000000000000000000 0.000000000000000000 4 0.250000000000000000
neuron 3 1.000000000000000000 0.000000000000000000 0.000000000000000000 0.000000000000000000 2 0.250000000000000000
neuron 3 1.000000000000000000 0.000000000000000000 0.000000000000000000 0.000000000000000000 1 0.250000000000000000
neuron 3 1.000000000000000000 0.000000000000000000 0.000000000000000000 0.000000000000000000 1 0.250000000000000000
neuron 3 1.000000000000000000 0.000000000000000000 0.000000000000000000 0.000000000000000000 1 0.250000000000000000
neuron 3 1.000000000000000000 0.000000000000000000 0.000000000000000000 0.000000000000000000 1 0.250000000000000000
neuron 3 1.000000000000000000 0.000000000000000000 0.000000000000000000 0.000000000000000000 4 0.250000000000000000
neuron 3 1.000000000000000000 0.000000000000000000 0.000000000000000000 0.000000000000000000 4 0.250000000000000000
neuron 3 1.000000000000000000 0.000000000000000000 0.000000000000000000 0.000000000000000000 1 0.125000000000000000
neuron 3 1.000000000000000000 0.000000000000000000 0.000000000000000000 0.000000000000000000 1 0.250000000000000000
neuron 3 1.000000000000000000 0.000000000000000000 0.000000000000000000 0.000000000000000000 1 0.250000000000000000
neuron 3 1.000000000000000000 0.000000000000000000 0.000000000000000000 0.000000000000000000 2 0.250000000000000000
connection 0 53 -2.305030331132002175 0 0.299999999999999989 0.100000000000000006
connection 1 53 2.150561554823070765 0 0.299999999999999989 0.100000000000000006
connection 2 53 0.754970187321305275 0 0.299999999999999989 0.100000000000000006
connection 3 53 1.006565805408172309 0 0.299999999999999989 0.100000000000000006
connection 4 53 0.845040780026465654 0 0.299999999999999989 0.100000000000000006
connection 5 53 0.770734432153403759 0 0.299999999999999989 0.100000000000000006
connection 6 53 -0.601778302923776209 0 0.299999999999999989 0.100000000000000006
connection 7 53 -0.320140157360583544 0 0.299999999999999989 0.100000000000000006
connection 8 53 -0.792472751520108432 0 0.299999999999999989 0.100000000000000006
connection 9 53 -0.367640759213827550 0 0.299999999999999989 0.100000000000000006
connection 10 53 -0.626125655719079077 0 0.299999999999999989 0.100000000000000006
connection 11 53 0.530830016068648547 0 0.299999999999999989 0.100000000000000006
connection 12 53 -0.747579415561631322 0 0.299999999999999989 0.100000000000000006
connection 13 53 0.980275995752890594 0 0.299999999999999989 0.100000000000000006
connection 14 53 0.087586449924856424 0 0.299999999999999989 0.100000000000000006
connection 15 53 0.460403230070369318 0 0.299999999999999989 0.100000000000000006
connection 16 53 -1.828748622909188271 0 0.299999999999999989 0.100000000000000006
connection 17 53 -2.563227918231859803 0 0.299999999999999989 0.100000000000000006
connection 18 53 -1.051088382489979267 0 0.299999999999999989 0.100000000000000006
connection 19 53 0.383666754001751542 0 0.299999999999999989 0.100000000000000006
connection 20 53 -0.749175482720602304 0 0.299999999999999989 0.100000000000000006
connection 21 53 -1.325791715062223375 0 0.299999999999999989 0.100000000000000006
connection 22 53 0.121992642118129879 0 0.299999999999999989 0.100000000000000006
connection 23 53 -0.646541440626606345 0 0.299999999999999989 0.100000000000000006
connection 24 53 1.947749811748508364 0 0.299999999999999989 0.100000000000000006
connection 25 53 0.761436942033469677 0 0.299999999999999989 0.100000000000000006
connection 26 53 -2.040316764909221092 0 0.299999999999999989 0.100000000000000006
connection 27 53 -3.114081500098109245 0 0.299999999999999989 0.100000000000000006
connection 28 53 0.011997235356830060 0 0.299999999999999989 0.100000000000000006
connection 29 53 -0.713390701603202615 0 0.299999999999999989 0.100000000000000006
connection 31 53 1.090247673681005836 0 0.299999999999999989 0.100000000000000006
connection 32 53 0.901173482736339793 0 0.299999999999999989 0.100000000000000006
connection 33 53 -0.586921180365607142 0 0.299999999999999989 0.100000000000000006
connection 34 53 2.309453079826198518 0 0.299999999999999989 0.100000000000000006
connection 36 53 0.706789668358396739 0 0.299999999999999989 0.100000000000000006
connection 37 53 2.284521429188316688 0 0.299999999999999989 0.100000000000000006
connection 38 53 0.697468540398404002 0 0.299999999999999989 0.100000000000000006
connection 39 53 1.727128479426028207 0 0.299999999999999989 0.100000000000000006
connection 40 53 1.317189705790951848 0 0.299999999999999989 0.100000000000000006
connection 41 53 0.500506918411701918 0 0.299999999999999989 0.100000000000000006
connection 42 53 0.999104689806699753 0 0.299999999999999989 0.100000000000000006
connection 43 53 -0.147946645727643045 0 0.299999999999999989 0.100000000000000006
connection 44 53 0.525441284873522818 0 0.299999999999999989 0.100000000000000006
connection 45 53 0.180505872820504010 0 0.299999999999999989 0.100000000000000006
connection 46 53 0.675008220598101616 0 0.299999999999999989 0.100000000000000006
connection 47 53 -1.728975523903500289 0 0.299999999999999989 0.100000000000000006
connection 0 54 1.097495960304513574 0 0.299999999999999989 0.100000000000000006
connection 1 54 -1.008130173431709409 0 0.299999999999999989 0.100000000000000006
connection 2 54 0.203185437130741775 0 0.299999999999999989 0.100000000000000006
connection 3 54 -1.917587384581565857 0 0.299999999999999989 0.100000000000000006
connection 4 54 3.952981705311685801 0 0.299999999999999989 0.100000000000000006
connection 5 54 2.317825356309185736 0 0.299999999999999989 0.100000000000000006
connection 6 54 -1.772266930085606873 0 0.299999999999999989 0.100000000000000006
connection 7 54 -0.768118950189091265 0 0.299999999999999989 0.100000000000000006
connection 8 54 -0.500457459129393101 0 0.299999999999999989 0.100000000000000006
connection 9 54 -1.135309648147085682 0 0.299999999999999989 0.100000000000000006
connection 10 54 2.023270979523658752 0 0.299999999999999989 0.100000000000000006
connection 11 54 0.598537162877619267 0 0.299999999999999989 0.100000000000000006
connection 13 54 -0.384386497549712658 0 0.299999999999999989 0.100000000000000006
connection 14 54 -2.391827955609187484 0 0.299999999999999989 0.100000000000000006
connection 15 54 1.562904865480959415 0 0.299999999999999989 0.100000000000000006
connection 16 54 1.581744919443735853 0 0.299999999999999989 0.100000000000000006
connection 18 54 -1.936190395383164287 0 0.299999999999999989 0.100000000000000006
connection 19 54 -2.437166772608179599 0 0.299999999999999989 0.100000000000000006
connection 20 54 -1.057934538461267948 0 0.299999999999999989 0.100000000000000006
connection 21 54 -0.619906793348491192 0 0.299999999999999989 0.100000000000000006
connection 22 54 -1.179450172145152465 0 0.299999999999999989 0.100000000000000006
connection 23 54 -0.023791654959495645 0 0.299999999999999989 0.100000000000000006
connection 24 54 3.493439370824489743 0 0.299999999999999989 0.100000000000000006
connection 25 54 1.205576847132761031 0 0.299999999999999989 0.100000000000000006
connection 26 54 0.553370350447949022 0 0.299999999999999989 0.100000000000000006
connection 27 54 0.314155621148529463 0 0.299999999999999989 0.100000000000000006
connection 28 54 -2.027243380085565150 0 0.299999999999999989 0.100000000000000006
connection 29 54 1.464723925804719329 0 0.299999999999999989 0.100000000000000006
connection 30 54 1.066899528028443456 0 0.299999999999999989 0.100000000000000006
connection 31 54 -0.676236294151749462 0 0.299999999999999989 0.100000000000000006
connection 32 54 0.512702375766821206 0 0.299999999999999989 0.100000000000000006
connection 33 54 -0.243504395009949803 0 0.299999999999999989 0.100000000000000006
connection 34 54 1.584898603032343090 0 0.299999999999999989 0.100000000000000006
connection 35 54 -1.498477075132541358 0 0.299999999999999989 0.100000000000000006
connection 36 54 -0.037339060916565359 0 0.299999999999999989 0.100000000000000006
connection 37 54 0.289880453608930111 0 0.299999999999999989 0.100000000000000006
connection 38 54 2.143900565395597368 0 0.299999999999999989 0.100000000000000006
connection 39 54 -1.474178090262284968 0 0.299999999999999989 0.100000000000000006
connection 40 54 1.754279086191672832 0 0.299999999999999989 0.100000000000000006
connection 41 54 -1.045201686210930347 0 0.299999999999999989 0.100000000000000006
connection 42 54 0.676277748425491154 0 0.299999999999999989 0.100000000000000006
connection 43 54 -1.690114984288811684 0 0.299999999999999989 0.100000000000000006
connection 44 54 0.724093819968402386 0 0.299999999999999989 0.100000000000000006
connection 45 54 -0.301200389047153294 0 0.299999999999999989 0.100000000000000006
connection 46 54 -0.922492882935330272 0 0.299999999999999989 0.100000000000000006
connection 47 54 2.533898321824381128 0 0.299999999999999989 0.100000000000000006
connection 0 55 0.426470585400238633 0 0.299999999999999989 0.100000000000000006
connection 1 55 0.313007082848343998 0 0.299999999999999989 0.100000000000000006
connection 2 55 1.447746887803077698 0 0.299999999999999989 0.100000000000000006
connection 3 55 0.558619454313884489 0 0.299999999999999989 0.100000000000000006
connection 4 55 5.456934849033132195 0 0.299999999999999989 0.100000000000000006
connection 5 55 1.836491095076780766 0 0.299999999999999989 0.100000000000000006
connection 6 55 -2.291894827852956951 0 0.299999999999999989 0.100000000000000006
connection 7 55 -2.903754322789609432 0 0.299999999999999989 0.100000000000000006
connection 8 55 -0.965417885789065622 0 0.299999999999999989 0.100000000000000006
connection 9 55 -2.543887903200811706 0 0.299999999999999989 0.100000000000000006
connection 10 55 0.540578164829639718 0 0.299999999999999989 0.100000000000000006
connection 11 55 0.314917776791844517 0 0.299999999999999989 0.100000000000000006
connection 13 55 -3.581821489089634269 0 0.299999999999999989 0.100000000000000006
connection 14 55 -1.563000176742207259 0 0.299999999999999989 0.100000000000000006
connection 15 55 1.473151463782414794 0 0.299999999999999989 0.100000000000000006
connection 16 55 1.256243791256565601 0 0.299999999999999989 0.100000000000000006
connection 17 55 2.726142097035335610 0 0.299999999999999989 0.100000000000000006
connection 18 55 0.859889924991875887 0 0.299999999999999989 0.100000000000000006
connection 19 55 1.792982363287592307 0 0.299999999999999989 0.100000000000000006
connection 20 55 0.588240899669472128 0 0.299999999999999989 0.100000000000000006
connection 21 55 -0.564172010708716698 0 0.299999999999999989 0.100000000000000006
connection 22 55 -0.844978442823048681 0 0.299999999999999989 0.100000000000000006
connection 23 55 0.377638778882101178 0 0.299999999999999989 0.100000000000000006
connection 24 55 2.221190338139422238 0 0.299999999999999989 0.100000000000000006
connection 26 55 0.464344908483326435 0 0.299999999999999989 0.100000000000000006
connection 27 55 1.655170613899827003 0 0.299999999999999989 0.100000000000000006
connection 28 55 1.533243227284401655 0 0.299999999999999989 0.100000000000000006
connection 29 55 0.438017988897627220 0 0.299999999999999989 0.100000000000000006
connection 30 55 0.281616873573511839 0 0.299999999999999989 0.100000000000000006
connection 31 55 -0.503332256164867431 0 0.299999999999999989 0.100000000000000006
connection 32 55 2.769452436332358047 0 0.299999999999999989 0.100000000000000006
connection 33 55 5.356842314940877259 0 0.299999999999999989 0.100000000000000006
connection 34 55 -0.655139539478113875 0 0.299999999999999989 0.100000000000000006
connection 35 55 0.217491035291459411 0 0.299999999999999989 0.100000000000000006
connection 36 55 -1.066805531969293952 0 0.299999999999999989 0.100000000000000006
connection 37 55 -2.198861555894836783 0 0.299999999999999989 0.100000000000000006
connection 38 55 -0.935786097194068134 0 0.299999999999999989 0.100000000000000006
connection 39 55 -1.580267074285075068 0 0.299999999999999989 0.100000000000000006
connection 40 55 -0.114833835512399673 0 0.299999999999999989 0.100000000000000006
connection 41 55 -1.141141803469508886 0 0.299999999999999989 0.100000000000000006
connection 42 55 2.199544075876474380 0 0.299999999999999989 0.100000000000000006
connection 43 55 -2.517830088938353583 0 0.299999999999999989 0.100000000000000006
connection 44 55 4.576807803765404969 0 0.299999999999999989 0.100000000000000006
connection 45 55 -0.086855094443308190 0 0.299999999999999989 0.100000000000000006
connection 46 55 -1.587890244554728270 0 0.299999999999999989 0.100000000000000006
connection 47 55 1.119105657329782844 0 0.299999999999999989 0.100000000000000006
connection 0 56 -2.154349958142120158 0 0.299999999999999989 0.100000000000000006
connection 1 56 0.674264480199781246 0 0.299999999999999989 0.100000000000000006
connection 2 56 -1.379944281885400414 0 0.299999999999999989 0.100000000000000006
connection 3 56 -0.655889899295289069 0 0.299999999999999989 0.100000000000000006
connection 4 56 -0.015363035636255518 0 0.299999999999999989 0.100000000000000006
connection 5 56 0.398264471150469035 0 0.299999999999999989 0.100000000000000006
connection 6 56 0.924801951448898762 0 0.299999999999999989 0.100000000000000006
connection 7 56 1.822329902526689693 0 0.299999999999999989 0.100000000000000006
connection 8 56 0.615632238215766847 0 0.299999999999999989 0.100000000000000006
connection 9 56 0.231448586797341704 0 0.299999999999999989 0.100000000000000006
connection 10 56 -1.501737946746288799 0 0.299999999999999989 0.100000000000000006
connection 11 56 1.250831370241940022 0 0.299999999999999989 0.100000000000000006
connection 12 56 0.068126665981253609 0 0.299999999999999989 0.100000000000000006
connection 13 56 -0.108720579009968787 0 0.299999999999999989 0.100000000000000006
connection 14 56 -0.185494977049529552 0 0.299999999999999989 0.100000000000000006
connection 15 56 1.111521514074411243 0 0.299999999999999989 0.100000000000000006
connection 16 56 0.047449421355850063 0 0.299999999999999989 0.100000000000000006
connection 17 56 0.068965054582804441 0 0.299999999999999989 0.100000000000000006
connection 18 56 3.367454161445493810 0 0.299999999999999989 0.100000000000000006
connection 19 56 1.056843163270968944 0 0.299999999999999989 0.100000000000000006
connection 20 56 1.789503640573457233 0 0.299999999999999989 0.100000000000000006
connection 21 56 0.376115188060794026 0 0.299999999999999989 0.100000000000000006
connection 22 56 -1.189656507165636867 0 0.299999999999999989 0.100000000000000006
connection 23 56 0.389979338273406029 0 0.299999999999999989 0.100000000000000006
connection 24 56 -0.435928355902433395 0 0.299999999999999989 0.100000000000000006
connection 25 56 -0.474846589844673872 0 0.299999999999999989 0.100000000000000006
connection 26 56 3.077203445194754750 0 0.299999999999999989 0.100000000000000006
connection 27 56 1.562015812029130757 0 0.299999999999999989 0.100000000000000006
connection 28 56 0.179614847351331264 0 0.299999999999999989 0.100000000000000006
connection 29 56 0.367431870196014643 0 0.299999999999999989 0.100000000000000006
connection 30 56 2.412336885667173192 0 0.299999999999999989 0.100000000000000006
connection 31 56 0.900304848910309374 0 0.299999999999999989 0.100000000000000006
connection 32 56 0.832011774647980928 0 0.299999999999999989 0.100000000000000006
connection 33 56 -0.586896426801104099 0 0.299999999999999989 0.100000000000000006
connection 34 56 0.666522707440890372 0 0.299999999999999989 0.100000000000000006
connection 35 56 0.641441694460809231 0 0.299999999999999989 0.100000000000000006
connection 36 56 -0.108764931559562683 0 0.299999999999999989 0.100000000000000006
connection 37 56 -1.434707124470151030 0 0.299999999999999989 0.100000000000000006
connection 38 56 -0.846244097221642733 0 0.299999999999999989 0.100000000000000006
connection 39 56 0.142746261437423527 0 0.299999999999999989 0.100000000000000006
connection 40 56 1.193036755314096808 0 0.299999999999999989 0.100000000000000006
connection 41 56 -0.146853013968211599 0 0.299999999999999989 0.100000000000000006
connection 42 56 -0.323801496648229659 0 0.299999999999999989 0.100000000000000006
connection 43 56 -1.414807990426197648 0 0.299999999999999989 0.100000000000000006
connection 44 56 -0.185665503838663426 0 0.299999999999999989 0.100000000000000006
connection 45 56 5.081353539309930056 0 0.299999999999999989 0.100000000000000006
connection 46 56 3.542145252402406186 0 0.299999999999999989 0.100000000000000006
connection 47 56 1.298201857061940245 0 0.299999999999999989 0.100000000000000006
connection 0 57 1.021799652138724923 0 0.299999999999999989 0.100000000000000006
connection 1 57 -1.990160403423942626 0 0.299999999999999989 0.100000000000000006
connection 2 57 0.559196185640757903 0 0.299999999999999989 0.100000000000000006
connection 3 57 0.653442317736335099 0 0.299999999999999989 0.100000000000000006
connection 4 57 0.671387528302147985 0 0.299999999999999989 0.100000000000000006
connection 5 57 -2.892582064494490623 0 0.299999999999999989 0.100000000000000006
connection 6 57 -1.860991741425095825 0 0.299999999999999989 0.100000000000000006
connection 7 57 -3.789043213328113779 0 0.299999999999999989 0.100000000000000006
connection 8 57 3.142937590833753347 0 0.299999999999999989 0.100000000000000006
connection 9 57 -0.009081234224140644 0 0.299999999999999989 0.100000000000000006
connection 10 57 -0.301990374457091093 0 0.299999999999999989 0.100000000000000006
connection 11 57 -0.117337337229400873 0 0.299999999999999989 0.100000000000000006
connection 12 57 -0.169297977743553929 0 0.299999999999999989 0.100000000000000006
connection 13 57 -1.393249674467369914 0 0.299999999999999989 0.100000000000000006
connection 14 57 0.442864116819691844 0 0.299999999999999989 0.100000000000000006
connection 15 57 0.535923578718211502 0 0.299999999999999989 0.100000000000000006
connection 16 57 -2.777596331434324384 0 0.299999999999999989 0.100000000000000006
connection 17 57 -1.440468043525470421 0 0.299999999999999989 0.100000000000000006
connection 18 57 -1.425242455123225227 0 0.299999999999999989 0.100000000000000006
connection 19 57 -2.069736640783958137 0 0.299999999999999989 0.100000000000000006
connection 20 57 4.679316051537171006 0 0.299999999999999989 0.100000000000000006
connection 21 57 0.146451865555718541 0 0.299999999999999989 0.100000000000000006
connection 22 57 -1.087643041108094621 0 0.299999999999999989 0.100000000000000006
connection 23 57 0.296010303427465260 0 0.299999999999999989 0.100000000000000006
connection 24 57 0.474834076128900051 0 0.299999999999999989 0.100000000000000006
connection 25 57 0.323269862739834934 0 0.299999999999999989 0.100000000000000006
connection 26 57 -0.851608978118747473 0 0.299999999999999989 0.100000000000000006
connection 27 57 -3.277642670160275884 0 0.299999999999999989 0.100000000000000006
connection 28 57 -0.323118919041007757 0 0.299999999999999989 0.100000000000000006
connection 29 57 0.579180914930475410 0 0.299999999999999989 0.100000000000000006
connection 30 57 0.612717582378536463 0 0.299999999999999989 0.100000000000000006
connection 31 57 -0.940223111188970506 0 0.299999999999999989 0.100000000000000006
connection 32 57 -0.485128620814066380 0 0.299999999999999989 0.100000000000000006
connection 33 57 -1.008876786450855434 0 0.299999999999999989 0.100000000000000006
connection 34 57 0.355074043385684490 0 0.299999999999999989 0.100000000000000006
connection 35 57 1.240910545689985156 0 0.299999999999999989 0.100000000000000006
connection 36 57 -0.271706823812564835 0 0.299999999999999989 0.100000000000000006
connection 37 57 0.612636165285948664 0 0.299999999999999989 0.100000000000000006
connection 38 57 -1.015685177117120475 0 0.299999999999999989 0.100000000000000006
connection 39 57 -0.430241006950382143 0 0.299999999999999989 0.100000000000000006
connection 40 57 0.177098049753112718 0 0.299999999999999989 0.100000000000000006
connection 41 57 2.573902954347431660 0 0.299999999999999989 0.100000000000000006
connection 42 57 0.895868366584181786 0 0.299999999999999989 0.100000000000000006
connection 43 57 -0.418646509759128094 0 0.299999999999999989 0.100000000000000006
connection 44 57 1.226659026113338768 0 0.299999999999999989 0.100000000000000006
connection 45 57 -0.441140577488113195 0 0.299999999999999989 0.100000000000000006
connection 46 57 -1.195555526472162455 0 0.299999999999999989 0.100000000000000006
connection 47 57 -1.383392459421884269 0 0.299999999999999989 0.100000000000000006
connection 0 58 1.637993436073884368 0 0.299999999999999989 0.100000000000000006
connection 1 58 1.240655112716922304 0 0.299999999999999989 0.100000000000000006
connection 2 58 0.428465828968910500 0 0.299999999999999989 0.100000000000000006
connection 3 58 0.128121296613244340 0 0.299999999999999989 0.100000000000000006
connection 4 58 2.593024298970703967 0 0.299999999999999989 0.100000000000000006
connection 5 58 2.161190633079968393 0 0.299999999999999989 0.100000000000000006
connection 6 58 1.425631087331566960 0 0.299999999999999989 0.100000000000000006
connection 7 58 -2.239480346644995734 0 0.299999999999999989 0.100000000000000006
connection 8 58 -1.009131930535659194 0 0.299999999999999989 0.100000000000000006
connection 9 58 -0.038967717846389860 0 0.299999999999999989 0.100000000000000006
connection 10 58 0.573873077548341826 0 0.299999999999999989 0.100000000000000006
connection 11 58 0.508600708828453207 0 0.299999999999999989 0.100000000000000006
connection 12 58 3.672921836172463372 0 0.299999999999999989 0.100000000000000006
connection 13 58 0.137258555158041418 0 0.299999999999999989 0.100000000000000006
connection 14 58 0.410225298051955178 0 0.299999999999999989 0.100000000000000006
connection 15 58 -1.411442408891161904 0 0.299999999999999989 0.100000000000000006
connection 16 58 -0.166279387194663286 0 0.299999999999999989 0.100000000000000006
connection 18 58 2.531557164154946804 0 0.299999999999999989 0.100000000000000006
connection 19 58 -0.898936620564199984 0 0.299999999999999989 0.100000000000000006
connection 20 58 -0.247413630699156784 0 0.299999999999999989 0.100000000000000006
connection 21 58 1.622876647918019444 0 0.299999999999999989 0.100000000000000006
connection 22 58 -0.064303439750801772 0 0.299999999999999989 0.100000000000000006
connection 23 58 3.572472976040444337 0 0.299999999999999989 0.100000000000000006
connection 24 58 0.065057032246841118 0 0.299999999999999989 0.100000000000000006
connection 25 58 -3.230427912902086973 0 0.299999999999999989 0.100000000000000006
connection 26 58 -1.432563489594031125 0 0.299999999999999989 0.100000000000000006
connection 27 58 0.231478205707389861 0 0.299999999999999989 0.100000000000000006
connection 28 58 -0.779920419212430716 0 0.299999999999999989 0.100000000000000006
connection 29 58 -0.859118946420494467 0 0.299999999999999989 0.100000000000000006
connection 30 58 1.355170916882343590 0 0.299999999999999989 0.100000000000000006
connection 31 58 0.179480770835652947 0 0.299999999999999989 0.100000000000000006
connection 32 58 0.103149652568390593 0 0.299999999999999989 0.100000000000000006
connection 33 58 1.683756906953931320 0 0.299999999999999989 0.100000000000000006
connection 34 58 0.604069273220375180 0 0.299999999999999989 0.100000000000000006
connection 35 58 0.084582423034589738 0 0.299999999999999989 0.100000000000000006
connection 36 58 0.990923151432070881 0 0.299999999999999989 0.100000000000000006
connection 37 58 -0.566341580357402563 0 0.299999999999999989 0.100000000000000006
connection 38 58 -1.177715881116455421 0 0.299999999999999989 0.100000000000000006
connection 39 58 0.032870090217329562 0 0.299999999999999989 0.100000000000000006
connection 40 58 2.355440294122672640 0 0.299999999999999989 0.100000000000000006
connection 41 58 -1.567304939089808613 0 0.299999999999999989 0.100000000000000006
connection 42 58 -0.193212391925044358 0 0.299999999999999989 0.100000000000000006
connection 43 58 -0.906640685949241742 0 0.299999999999999989 0.100000000000000006
connection 44 58 2.008193436078727245 0 0.299999999999999989 0.100000000000000006
connection 45 58 0.585520538355922326 0 0.299999999999999989 0.100000000000000006
connection 46 58 0.650636044098064303 0 0.299999999999999989 0.100000000000000006
connection 47 58 -0.884350649881525896 0 0.299999999999999989 0.100000000000000006
connection 0 59 0.069313073994635488 0 0.299999999999999989 0.100000000000000006
connection 1 59 -2.525835513835772872 0 0.299999999999999989 0.100000000000000006
connection 2 59 0.228190172347240150 0 0.299999999999999989 0.100000000000000006
connection 3 59 2.587920003104954958 0 0.299999999999999989 0.100000000000000006
connection 4 59 0.298730771290138364 0 0.299999999999999989 0.100000000000000006
connection 5 59 4.234373331477399915 0 0.299999999999999989 0.100000000000000006
connection 6 59 0.516496648080646992 0 0.299999999999999989 0.100000000000000006
connection 7 59 1.972727047046646476 0 0.299999999999999989 0.100000000000000006
connection 8 59 -1.102355077862739563 0 0.299999999999999989 0.100000000000000006
connection 9 59 -2.835002573672682047 0 0.299999999999999989 0.100000000000000006
connection 10 59 0.087528733129147440 0 0.299999999999999989 0.100000000000000006
connection 11 59 -1.350710101061849855 0 0.299999999999999989 0.100000000000000006
connection 12 59 -1.282259947853162885 0 0.299999999999999989 0.100000000000000006
connection 13 59 -0.235553089762106538 0 0.299999999999999989 0.100000000000000006
connection 14 59 -1.411258683307096362 0 0.299999999999999989 0.100000000000000006
connection 15 59 0.669206670601852238 0 0.299999999999999989 0.100000000000000006
connection 16 59 -2.161728873546962859 0 0.299999999999999989 0.100000000000000006
connection 17 59 0.270506570639554411 0 0.299999999999999989 0.100000000000000006
connection 18 59 3.751000978401862085 0 0.299999999999999989 0.100000000000000006
connection 19 59 -1.289662433424382471 0 0.299999999999999989 0.100000000000000006
connection 20 59 -1.212735425680875778 0 0.299999999999999989 0.100000000000000006
connection 21 59 -0.397410017907532165 0 0.299999999999999989 0.100000000000000006
connection 22 59 -0.059092025920108426 0 0.299999999999999989 0.100000000000000006
connection 23 59 -1.917055231926497072 0 0.299999999999999989 0.100000000000000006
connection 24 59 0.033969318494200706 0 0.299999999999999989 0.100000000000000006
connection 25 59 1.691066428116755560 0 0.299999999999999989 0.100000000000000006
connection 26 59 0.781990079529350623 0 0.299999999999999989 0.100000000000000006
connection 27 59 -0.001996027771383524 0 0.299999999999999989 0.100000000000000006
connection 28 59 -1.132753875106573105 0 0.299999999999999989 0.100000000000000006
connection 29 59 -2.498616888202377595 0 0.299999999999999989 0.100000000000000006
connection 30 59 0.088242667174199596 0 0.299999999999999989 0.100000000000000006
connection 31 59 1.365767611539922655 0 0.299999999999999989 0.100000000000000006
connection 32 59 -2.481480641290545464 0 0.299999999999999989 0.100000000000000006
connection 33 59 -0.519886440946720541 0 0.299999999999999989 0.100000000000000006
connection 34 59 -5.176724843331612647 0 0.299999999999999989 0.100000000000000006
connection 35 59 -1.847994960728101432 0 0.299999999999999989 0.100000000000000006
connection 36 59 -0.102157159592024982 0 0.299999999999999989 0.100000000000000006
connection 37 59 1.482217878801748157 0 0.299999999999999989 0.100000000000000006
connection 38 59 0.561612232471816242 0 0.299999999999999989 0.100000000000000006
connection 39 59 -0.475397884634730872 0 0.299999999999999989 0.100000000000000006
connection 40 59 2.259032515052240342 0 0.299999999999999989 0.100000000000000006
connection 41 59 -3.828963933599879965 0 0.299999999999999989 0.100000000000000006
connection 42 59 0.036024587228894234 0 0.299999999999999989 0.100000000000000006
connection 43 59 -2.210069735476281494 0 0.299999999999999989 0.100000000000000006
connection 44 59 1.532912712154939072 0 0.299999999999999989 0.100000000000000006
connection 45 59 -1.739884038455784321 0 0.299999999999999989 0.100000000000000006
connection 46 59 1.545250881637912244 0 0.299999999999999989 0.100000000000000006
connection 47 59 0.451777160633355379 0 0.299999999999999989 0.100000000000000006
connection 0 60 -0.764154803473502398 0 0.299999999999999989 0.100000000000000006
connection 1 60 -0.909898112528026104 0 0.299999999999999989 0.100000000000000006
connection 2 60 -0.305049343092832714 0 0.299999999999999989 0.100000000000000006
connection 3 60 -1.626818679593270645 0 0.299999999999999989 0.100000000000000006
connection 4 60 0.833882539234764408 0 0.299999999999999989 0.100000000000000006
connection 5 60 2.139610517886467278 0 0.299999999999999989 0.100000000000000006
connection 6 60 -0.803608108079060912 0 0.299999999999999989 0.100000000000000006
connection 7 60 -1.430834729835623875 0 0.299999999999999989 0.100000000000000006
connection 8 60 2.434099731777678244 0 0.299999999999999989 0.100000000000000006
connection 10 60 -0.401139636524021626 0 0.299999999999999989 0.100000000000000006
connection 11 60 1.713039048481732607 0 0.299999999999999989 0.100000000000000006
connection 12 60 -2.348715356318280101 0 0.299999999999999989 0.100000000000000006
connection 13 60 -3.255535631353268400 0 0.299999999999999989 0.100000000000000006
connection 14 60 0.575882221455685794 0 0.299999999999999989 0.100000000000000006
connection 15 60 1.072063549421727657 0 0.299999999999999989 0.100000000000000006
connection 16 60 1.541366893074155087 0 0.299999999999999989 0.100000000000000006
connection 17 60 0.645955484738806263 0 0.299999999999999989 0.100000000000000006
connection 18 60 3.106098768301308155 0 0.299999999999999989 0.100000000000000006
connection 19 60 0.455548365513095632 0 0.299999999999999989 0.100000000000000006
connection 20 60 -0.504529965692199767 0 0.299999999999999989 0.100000000000000006
connection 21 60 -1.894659333862364292 0 0.299999999999999989 0.100000000000000006
connection 22 60 1.221190707059577107 0 0.299999999999999989 0.100000000000000006
connection 23 60 -0.032443991978652775 0 0.299999999999999989 0.100000000000000006
connection 24 60 1.158363960741553456 0 0.299999999999999989 0.100000000000000006
connection 25 60 0.275315414532087743 0 0.299999999999999989 0.100000000000000006
connection 26 60 2.083885012485552579 0 0.299999999999999989 0.100000000000000006
connection 27 60 -1.664693963888566941 0 0.299999999999999989 0.100000000000000006
connection 28 60 0.631704079976771027 0 0.299999999999999989 0.100000000000000006
connection 29 60 4.692609570178319700 0 0.299999999999999989 0.100000000000000006
connection 30 60 1.637311161612160504 0 0.299999999999999989 0.100000000000000006
connection 31 60 3.443359954457264394 0 0.299999999999999989 0.100000000000000006
connection 32 60 -0.047386455582454801 0 0.299999999999999989 0.100000000000000006
connection 33 60 -0.523132832429837435 0 0.299999999999999989 0.100000000000000006
connection 34 60 1.499686025315895677 0 0.299999999999999989 0.100000000000000006
connection 35 60 0.965551420347765088 0 0.299999999999999989 0.100000000000000006
connection 36 60 -0.252675855859706644 0 0.299999999999999989 0.100000000000000006
connection 38 60 0.484073291881941259 0 0.299999999999999989 0.100000000000000006
connection 39 60 -1.062425355950836092 0 0.299999999999999989 0.100000000000000006
connection 40 60 0.003114889783319086 0 0.299999999999999989 0.100000000000000006
connection 41 60 -0.528817554470151663 0 0.299999999999999989 0.100000000000000006
connection 42 60 -1.300064584997016937 0 0.299999999999999989 0.100000000000000006
connection 43 60 -0.558031571912579238 0 0.299999999999999989 0.100000000000000006
connection 44 60 -0.282006515350076370 0 0.299999999999999989 0.100000000000000006
connection 45 60 -3.188418120626010932 0 0.299999999999999989 0.100000000000000006
connection 46 60 -0.905670028820168227 0 0.299999999999999989 0.100000000000000006
connection 47 60 1.348893374553881586 0 0.299999999999999989 0.100000000000000006
connection 0 61 3.366880356508772820 0 0.299999999999999989 0.100000000000000006
connection 1 61 3.373108819359913468 0 0.299999999999999989 0.100000000000000006
connection 2 61 2.446370034769643098 0 0.299999999999999989 0.100000000000000006
connection 3 61 -0.040803076466545463 0 0.299999999999999989 0.100000000000000006
connection 4 61 -1.142652756185270846 0 0.299999999999999989 0.100000000000000006
connection 5 61 1.762090344447642565 0 0.299999999999999989 0.100000000000000006
connection 6 61 -0.716809515492059290 0 0.299999999999999989 0.100000000000000006
connection 7 61 -1.172395088593475521 0 0.299999999999999989 0.100000000000000006
connection 8 61 0.553008843795396388 0 0.299999999999999989 0.100000000000000006
connection 9 61 0.239413232426159084 0 0.299999999999999989 0.100000000000000006
connection 10 61 1.826380666811019182 0 0.299999999999999989 0.100000000000000006
connection 11 61 -0.813035668514203280 0 0.299999999999999989 0.100000000000000006
connection 12 61 1.203244109972729348 0 0.299999999999999989 0.100000000000000006
connection 13 61 -0.785955086874309927 0 0.299999999999999989 0.100000000000000006
connection 14 61 -0.927607148187234998 0 0.299999999999999989 0.100000000000000006
connection 15 61 -2.633809902683424298 0 0.299999999999999989 0.100000000000000006
connection 16 61 0.524700987094547600 0 0.299999999999999989 0.100000000000000006
connection 17 61 -1.095750726584810764 0 0.299999999999999989 0.100000000000000006
connection 18 61 -0.556264878483489156 0 0.299999999999999989 0.100000000000000006
connection 19 61 2.564787724761117715 0 0.299999999999999989 0.100000000000000006
connection 20 61 -1.072398082273139153 0 0.299999999999999989 0.100000000000000006
connection 21 61 1.568236114981118590 0 0.299999999999999989 0.100000000000000006
connection 22 61 -2.728226480830926448 0 0.299999999999999989 0.100000000000000006
connection 23 61 0.066375851631164551 0 0.299999999999999989 0.100000000000000006
connection 24 61 0.631222751049790531 0 0.299999999999999989 0.100000000000000006
connection 25 61 2.251850128173828125 0 0.299999999999999989 0.100000000000000006
connection 26 61 1.746460369824490044 0 0.299999999999999989 0.100000000000000006
connection 27 61 0.375667136810079683 0 0.299999999999999989 0.100000000000000006
connection 29 61 -1.672356725655845366 0 0.299999999999999989 0.100000000000000006
connection 30 61 2.046761896112002432 0 0.299999999999999989 0.100000000000000006
connection 31 61 -0.618644495494663715 0 0.299999999999999989 0.100000000000000006
connection 32 61 0.506999155768426135 0 0.299999999999999989 0.100000000000000006
connection 33 61 1.524152517813490704 0 0.299999999999999989 0.100000000000000006
connection 34 61 -0.675546953585580923 0 0.299999999999999989 0.100000000000000006
connection 35 61 3.950233842071611434 0 0.299999999999999989 0.100000000000000006
connection 36 61 -0.262129168608225882 0 0.299999999999999989 0.100000000000000006
connection 37 61 -1.249134645098820329 0 0.299999999999999989 0.100000000000000006
connection 38 61 -2.024552911738283001 0 0.299999999999999989 0.100000000000000006
connection 39 61 1.346758293584571220 0 0.299999999999999989 0.100000000000000006
connection 40 61 -1.937648029765114188 0 0.299999999999999989 0.100000000000000006
connection 41 61 4.821009678045811597 0 0.299999999999999989 0.100000000000000006
connection 42 61 0.866954555560369045 0 0.299999999999999989 0.100000000000000006
connection 43 61 0.000389181077480316 0 0.299999999999999989 0.100000000000000006
connection 44 61 -1.514844233402982354 0 0.299999999999999989 0.100000000000000006
connection 45 61 0.509472325997194275 0 0.299999999999999989 0.100000000000000006
connection 46 61 0.926197703229263425 0 0.299999999999999989 0.100000000000000006
connection 47 61 0.934276400832459331 0 0.299999999999999989 0.100000000000000006
connection 0 62 0.890985086443834007 0 0.299999999999999989 0.100000000000000006
connection 1 62 -1.574742887460161000 0 0.299999999999999989 0.100000000000000006
connection 2 62 -6.119384940539021045 0 0.299999999999999989 0.100000000000000006
connection 3 62 0.775583663606084883 0 0.299999999999999989 0.100000000000000006
connection 4 62 -0.856611949842772447 0 0.299999999999999989 0.100000000000000006
connection 6 62 -1.283723988279234618 0 0.299999999999999989 0.100000000000000006
connection 7 62 0.102705864876043051 0 0.299999999999999989 0.100000000000000006
connection 8 62 -1.862476200563833117 0 0.299999999999999989 0.100000000000000006
connection 9 62 -1.528906156541779637 0 0.299999999999999989 0.100000000000000006
connection 10 62 -0.844349335879087448 0 0.299999999999999989 0.100000000000000006
connection 11 62 0.792253424762748182 0 0.299999999999999989 0.100000000000000006
connection 12 62 -1.488228791160508990 0 0.299999999999999989 0.100000000000000006
connection 13 62 -0.343171473592519760 0 0.299999999999999989 0.100000000000000006
connection 14 62 -0.433747208211570978 0 0.299999999999999989 0.100000000000000006
connection 15 62 3.187047085491940379 0 0.299999999999999989 0.100000000000000006
connection 16 62 -1.405739396228455007 0 0.299999999999999989 0.100000000000000006
connection 17 62 0.343076521588955075 0 0.299999999999999989 0.100000000000000006
connection 18 62 -0.710503943439107388 0 0.299999999999999989 0.100000000000000006
connection 19 62 2.035971214529126883 0 0.299999999999999989 0.100000000000000006
connection 20 62 0.812301785219460726 0 0.299999999999999989 0.100000000000000006
connection 21 62 -2.586557306029135361 0 0.299999999999999989 0.100000000000000006
connection 22 62 1.720954891527071595 0 0.299999999999999989 0.100000000000000006
connection 23 62 0.768136684724595398 0 0.299999999999999989 0.100000000000000006
connection 24 62 -1.133282449765829369 0 0.299999999999999989 0.100000000000000006
connection 25 62 -2.705378526123240590 0 0.299999999999999989 0.100000000000000006
connection 26 62 1.445691540371626616 0 0.299999999999999989 0.100000000000000006
connection 27 62 1.265588960144668818 0 0.299999999999999989 0.100000000000000006
connection 28 62 -1.010418098463560455 0 0.299999999999999989 0.100000000000000006
connection 29 62 -0.126452032389352098 0 0.299999999999999989 0.100000000000000006
connection 30 62 3.925428806978743523 0 0.299999999999999989 0.100000000000000006
connection 31 62 1.035508475571987219 0 0.299999999999999989 0.100000000000000006
connection 32 62 1.356755635351873934 0 0.299999999999999989 0.100000000000000006
connection 34 62 2.350394338718615472 0 0.299999999999999989 0.100000000000000006
connection 35 62 1.344935847213491797 0 0.299999999999999989 0.100000000000000006
connection 36 62 -1.087817681021988392 0 0.299999999999999989 0.100000000000000006
connection 37 62 -0.182056074867432471 0 0.299999999999999989 0.100000000000000006
connection 38 62 3.912638954498106614 0 0.299999999999999989 0.100000000000000006
connection 39 62 1.164102550479583442 0 0.299999999999999989 0.100000000000000006
connection 40 62 0.288924728287383914 0 0.299999999999999989 0.100000000000000006
connection 41 62 -1.550851296633481979 0 0.299999999999999989 0.100000000000000006
connection 42 62 -0.388592200179118663 0 0.299999999999999989 0.100000000000000006
connection 43 62 0.921581284492276609 0 0.299999999999999989 0.100000000000000006
connection 44 62 1.293739266227930784 0 0.299999999999999989 0.100000000000000006
connection 45 62 -0.896778089751023799 0 0.299999999999999989 0.100000000000000006
connection 46 62 -0.237149598542600870 0 0.299999999999999989 0.100000000000000006
connection 47 62 0.941389209183398634 0 0.299999999999999989 0.100000000000000006
connection 53 48 -1.543234976299572736 0 0.299999999999999989 0.100000000000000006
connection 54 48 -0.113741395995020866 0 0.299999999999999989 0.100000000000000006
connection 55 48 -0.611618885262942058 0 0.299999999999999989 0.100000000000000006
connection 56 48 -0.443762844894081354 0 0.299999999999999989 0.100000000000000006
connection 57 48 -0.522830712703580502 0 0.299999999999999989 0.100000000000000006
connection 58 48 2.731706074343492219 0 0.299999999999999989 0.100000000000000006
connection 59 48 -2.652742488542571664 0 0.299999999999999989 0.100000000000000006
connection 60 48 -1.747988539631478488 0 0.299999999999999989 0.100000000000000006
connection 61 48 -2.955944284418364987 0 0.299999999999999989 0.100000000000000006
connection 62 48 0.237179012183332816 0 0.299999999999999989 0.100000000000000006
connection 53 49 0.911803562674322166 0 0.299999999999999989 0.100000000000000006
connection 54 49 0.032136415829882026 0 0.299999999999999989 0.100000000000000006
connection 55 49 0.090355221647769213 0 0.299999999999999989 0.100000000000000006
connection 56 49 -1.543604050340945832 0 0.299999999999999989 0.100000000000000006
connection 57 49 0.579249929287470877 0 0.299999999999999989 0.100000000000000006
connection 58 49 1.954303612001240253 0 0.299999999999999989 0.100000000000000006
connection 59 49 -1.287762315594591200 0 0.299999999999999989 0.100000000000000006
connection 60 49 -2.285580500843934715 0 0.299999999999999989 0.100000000000000006
connection 61 49 -1.522104107978520915 0 0.299999999999999989 0.100000000000000006
connection 62 49 -1.998474297142820433 0 0.299999999999999989 0.100000000000000006
connection 53 50 1.648318808365729637 0 0.299999999999999989 0.100000000000000006
connection 54 50 -2.752989196160342544 0 0.299999999999999989 0.100000000000000006
connection 55 50 0.992412104154936969 0 0.299999999999999989 0.100000000000000006
connection 56 50 1.300397897080983967 0 0.299999999999999989 0.100000000000000006
connection 57 50 -1.317427562084048986 0 0.299999999999999989 0.100000000000000006
connection 58 50 0.165946373483166099 0 0.299999999999999989 0.100000000000000006
connection 59 50 0.552242865334847011 0 0.299999999999999989 0.100000000000000006
connection 60 50 1.025493301334790885 0 0.299999999999999989 0.100000000000000006
connection 61 50 0.371964408201165497 0 0.299999999999999989 0.100000000000000006
connection 62 50 -0.058597061200998724 0 0.299999999999999989 0.100000000000000006
connection 53 51 -1.269213408348150551 0 0.299999999999999989 0.100000000000000006
connection 54 51 -1.635231054242467508 0 0.299999999999999989 0.100000000000000006
connection 55 51 -0.103539125761017203 0 0.299999999999999989 0.100000000000000006
connection 56 51 -0.150761022581718862 0 0.299999999999999989 0.100000000000000006
connection 57 51 -1.311200544005259871 0 0.299999999999999989 0.100000000000000006
connection 58 51 2.525138897763099521 0 0.299999999999999989 0.100000000000000006
connection 59 51 -0.128029455503565259 0 0.299999999999999989 0.100000000000000006
connection 60 51 0.260860947426408529 0 0.299999999999999989 0.100000000000000006
connection 61 51 -0.557661021826788783 0 0.299999999999999989 0.100000000000000006
connection 62 51 1.692296867317054421 0 0.299999999999999989 0.100000000000000006
connection 53 52 -0.272908434504643083 0 0.299999999999999989 0.100000000000000006
connection 54 52 -3.430199689057189971 0 0.299999999999999989 0.100000000000000006
connection 55 52 -1.104871795920189470 0 0.299999999999999989 0.100000000000000006
connection 56 52 1.585367450607009232 0 0.299999999999999989 0.100000000000000006
connection 57 52 1.583900822326540947 0 0.299999999999999989 0.100000000000000006
connection 58 52 2.489223685610340908 0 0.299999999999999989 0.100000000000000006
connection 59 52 1.483478953166923020 0 0.299999999999999989 0.100000000000000006
connection 60 52 -0.495009329402819276 0 0.299999999999999989 0.100000000000000006
connection 61 52 -2.904944758163765073 0 0.299999999999999989 0.100000000000000006
connection 62 52 2.941650971784838475 0 0.299999999999999989 0.100000000000000006
connection 47 48 5.686263573952601291 0 0.299999999999999989 0.100000000000000006
connection 47 49 -0.518939546775072813 0 0.299999999999999989 0.100000000000000006
connection 47 50 -1.043287186650559306 0 0.299999999999999989 0.100000000000000006
connection 47 51 0.552233539190638112 0 0.299999999999999989 0.100000000000000006
connection 47 52 1.489057737577240914 0 0.299999999999999989 0.100000000000000006
connection 59 53 -2.161362215352710336 0 0.299999999999999989 0.100000000000000006
connection 7 63 -0.973582736623939127 0 0.299999999999999989 0.100000000000000006
connection 63 56 0.207593210929189809 0 0.299999999999999989 0.100000000000000006
connection 12 64 -1.903169585915748030 0 0.299999999999999989 0.100000000000000006
connection 64 54 0.195227451622486115 0 0.299999999999999989 0.100000000000000006
connection 37 48 -1.477677315706387162 0 0.299999999999999989 0.100000000000000006
connection 13 52 4.093202807882335037 0 0.299999999999999989 0.100000000000000006
connection 9 65 -0.629979948214895558 0 0.299999999999999989 0.100000000000000006
connection 65 60 0.499689492862671614 0 0.299999999999999989 0.100000000000000006
connection 56 58 1.714462515432387590 0 0.299999999999999989 0.100000000000000006
connection 12 66 -0.585803378140553832 0 0.299999999999999989 0.100000000000000006
connection 66 55 0.961615615276969038 0 0.299999999999999989 0.100000000000000006
connection 34 67 0.160330688639078289 0 0.299999999999999989 0.100000000000000006
connection 67 61 0.184406460146419704 0 0.299999999999999989 0.100000000000000006
connection 37 64 -2.621566418849397451 0 0.299999999999999989 0.100000000000000006
connection 4 48 -0.780243719927966595 0 0.299999999999999989 0.100000000000000006
connection 61 64 0.910005222161998972 1 0.299999999999999989 0.100000000000000006
connection 17 68 1.263511465629562736 0 0.299999999999999989 0.100000000000000006
connection 68 60 1.334183923740056343 0 0.299999999999999989 0.100000000000000006
connection 45 49 -2.566225336864590645 0 0.299999999999999989 0.100000000000000006
connection 3 69 0.424793126119766384 0 0.299999999999999989 0.100000000000000006
connection 69 53 0.051260181455290876 0 0.299999999999999989 0.100000000000000006
connection 33 70 0.415432895999401808 0 0.299999999999999989 0.100000000000000006
connection 70 59 -1.964550590608268976 0 0.299999999999999989 0.100000000000000006
connection 2 52 -0.439537939993897453 0 0.299999999999999989 0.100000000000000006
connection 61 53 0.120100151281803846 0 0.299999999999999989 0.100000000000000006
connection 64 50 -2.345298097105114721 0 0.299999999999999989 0.100000000000000006
connection 64 61 0.743008399353129789 0 0.299999999999999989 0.100000000000000006
connection 57 58 -0.622778256656602025 0 0.299999999999999989 0.100000000000000006
connection 21 71 0.924860664177685976 0 0.299999999999999989 0.100000000000000006
connection 71 56 0.164863091835286468 0 0.299999999999999989 0.100000000000000006
connection 28 72 0.502222890267148614 0 0.299999999999999989 0.100000000000000006
connection 72 61 -0.915993924019858241 0 0.299999999999999989 0.100000000000000006
connection 25 73 -0.231061977101489902 0 0.299999999999999989 0.100000000000000006
connection 73 55 -0.147737199906259775 0 0.299999999999999989 0.100000000000000006
connection 0 64 0.351156530203297734 0 0.299999999999999989 0.100000000000000006
connection 34 64 -0.180152678396552801 0 0.299999999999999989 0.100000000000000006
connection 29 63 -0.001456111902371049 0 0.299999999999999989 0.100000000000000006
connection 73 59 -0.178617422934621572 0 0.299999999999999989 0.100000000000000006
connection 9 64 0.006758877774700522 0 0.299999999999999989 0.100000000000000006
connection 41 72 0.693564415909349918 0 0.299999999999999989 0.100000000000000006
connection 28 74 0.169942154316231608 0 0.299999999999999989 0.100000000000000006
connection 74 72 -0.218670711619779468 0 0.299999999999999989 0.100000000000000006
connection 54 73 -0.033074728446081281 1 0.299999999999999989 0.100000000000000006
connection 52 69 0.040070423623546958 1 0.299999999999999989 0.100000000000000006
connection 42 68 -0.040800449438393116 0 0.299999999999999989 0.100000000000000006
connection 41 69 -0.534848883282393217 0 0.299999999999999989 0.100000000000000006
connection 43 72 -0.188242707168683410 0 0.299999999999999989 0.100000000000000006
connection 74 71 -0.101294738706201315 0 0.299999999999999989 0.100000000000000006
connection 51 53 -0.879672236042097211 1 0.299999999999999989 0.100000000000000006
connection 40 75 0.872013041283935308 0 0.299999999999999989 0.100000000000000006
connection 75 54 -0.507775863166898489 0 0.299999999999999989 0.100000000000000006
connection 55 68 0.971831077360548079 1 0.299999999999999989 0.100000000000000006
connection 32 71 -1.516805376624688506 0 0.299999999999999989 0.100000000000000006
connection 18 67 0.188837115652859211 0 0.299999999999999989 0.100000000000000006
connection 1 65 0.017331952229142189 0 0.299999999999999989 0.100000000000000006
connection 2 76 0.698925455799326301 0 0.299999999999999989 0.100000000000000006
connection 76 59 0.187842692015692592 0 0.299999999999999989 0.100000000000000006
connection 58 56 -0.886004281695932150 0 0.299999999999999989 0.100000000000000006
connection 30 77 0.273889561183750629 0 0.299999999999999989 0.100000000000000006
connection 77 53 0.046992100076749921 0 0.299999999999999989 0.100000000000000006
NNend

