NNstart
48 5
neuron 1 0.000000000000000000 0.000000000000000000 0.000000000000000000 0.000000000000000000 1 0.000000000000000000
neuron 1 0.000000000000000000 0.000000000000000000 0.000000000000000000 0.000000000000000000 1 0.000000000000000000
neuron 1 0.000000000000000000 0.000000000000000000 0.000000000000000000 0.000000000000000000 1 0.000000000000000000
neuron 1 0.000000000000000000 0.000000000000000000 0.000000000000000000 0.000000000000000000 1 0.000000000000000000
neuron 1 0.000000000000000000 0.000000000000000000 0.000000000000000000 0.000000000000000000 1 0.000000000000000000
neuron 1 0.000000000000000000 0.000000000000000000 0.000000000000000000 0.000000000000000000 1 0.000000000000000000
neuron 1 0.000000000000000000 0.000000000000000000 0.000000000000000000 0.000000000000000000 1 0.000000000000000000
neuron 1 0.000000000000000000 0.000000000000000000 0.000000000000000000 0.000000000000000000 1 0.000000000000000000
neuron 1 0.000000000000000000 0.000000000000000000 0.000000000000000000 0.000000000000000000 1 0.000000000000000000
neuron 1 0.000000000000000000 0.000000000000000000 0.000000000000000000 0.000000000000000000 1 0.000000000000000000
neuron 1 0.000000000000000000 0.000000000000000000 0.000000000000000000 0.000000000000000000 1 0.000000000000000000
neuron 1 0.000000000000000000 0.000000000000000000 0.000000000000000000 0.000000000000000000 1 0.000000000000000000
neuron 1 0.000000000000000000 0.000000000000000000 0.000000000000000000 0.000000000000000000 1 0.000000000000000000
neuron 1 0.000000000000000000 0.000000000000000000 0.000000000000000000 0.000000000000000000 1 0.000000000000000000
neuron 1 0.000000000000000000 0.000000000000000000 0.000000000000000000 0.000000000000000000 1 0.000000000000000000
neuron 1 0.000000000000000000 0.000000000000000000 0.000000000000000000 0.000000000000000000 1 0.000000000000000000
neuron 1 0.000000000000000000 0.000000000000000000 0.000000000000000000 0.000000000000000000 1 0.000000000000000000
neuron 1 0.000000000000000000 0.000000000000000000 0.000000000000000000 0.000000000000000000 1 0.000000000000000000
neuron 1 0.000000000000000000 0.000000000000000000 0.000000000000000000 0.000000000000000000 1 0.000000000000000000
neuron 1 0.000000000000000000 0.000000000000000000 0.000000000000000000 0.000000000000000000 1 0.000000000000000000
neuron 1 0.000000000000000000 0.000000000000000000 0.000000000000000000 0.000000000000000000 1 0.000000000000000000
neuron 1 0.000000000000000000 0.000000000000000000 0.000000000000000000 0.000000000000000000 1 0.000000000000000000
neuron 1 0.000000000000000000 0.000000000000000000 0.000000000000000000 0.000000000000000000 1 0.000000000000000000
neuron 1 0.000000000000000000 0.000000000000000000 0.000000000000000000 0.000000000000000000 1 0.000000000000000000
neuron 1 0.000000000000000000 0.000000000000000000 0.000000000000000000 0.000000000000000000 1 0.000000000000000000
neuron 1 0.000000000000000000 0.000000000000000000 0.000000000000000000 0.000000000000000000 1 0.000000000000000000
neuron 1 0.000000000000000000 0.000000000000000000 0.000000000000000000 0.000000000000000000 1 0.000000000000000000
neuron 1 0.000000000000000000 0.000000000000000000 0.000000000000000000 0.000000000000000000 1 0.000000000000000000
neuron 1 0.000000000000000000 0.000000000000000000 0.000000000000000000 0.000000000000000000 1 0.000000000000000000
neuron 1 0.000000000000000000 0.000000000000000000 0.000000000000000000 0.000000000000000000 1 0.000000000000000000
neuron 1 0.000000000000000000 0.000000000000000000 0.000000000000000000 0.000000000000000000 1 0.000000000000000000
neuron 1 0.000000000000000000 0.000000000000000000 0.000000000000000000 0.000000000000000000 1 0.000000000000000000
neuron 1 0.000000000000000000 0.000000000000000000 0.000000000000000000 0.000000000000000000 1 0.000000000000000000
neuron 1 0.000000000000000000 0.000000000000000000 0.000000000000000000 0.000000000000000000 1 0.000000000000000000
neuron 1 0.000000000000000000 0.000000000000000000 0.000000000000000000 0.000000000000000000 1 0.000000000000000000
neuron 1 0.000000000000000000 0.000000000000000000 0.000000000000000000 0.000000000000000000 1 0.000000000000000000
neuron 1 0.000000000000000000 0.000000000000000000 0.000000000000000000 0.000000000000000000 1 0.000000000000000000
neuron 1 0.000000000000000000 0.000000000000000000 0.000000000000000000 0.000000000000000000 1 0.000000000000000000
neuron 1 0.000000000000000000 0.000000000000000000 0.000000000000000000 0.000000000000000000 1 0.000000000000000000
neuron 1 0.000000000000000000 0.000000000000000000 0.000000000000000000 0.000000000000000000 1 0.000000000000000000
neuron 1 0.000000000000000000 0.000000000000000000 0.000000000000000000 0.000000000000000000 1 0.000000000000000000
neuron 1 0.000000000000000000 0.000000000000000000 0.000000000000000000 0.000000000000000000 1 0.000000000000000000
neuron 1 0.000000000000000000 0.000000000000000000 0.000000000000000000 0.000000000000000000 1 0.000000000000000000
neuron 1 0.000000000000000000 0.000000000000000000 0.000000000000000000 0.000000000000000000 1 0.000000000000000000
neuron 1 0.000000000000000000 0.000000000000000000 0.000000000000000000 0.000000000000000000 1 0.000000000000000000
neuron 1 0.000000000000000000 0.000000000000000000 0.000000000000000000 0.000000000000000000 1 0.000000000000000000
neuron 1 0.000000000000000000 0.000000000000000000 0.000000000000000000 0.000000000000000000 1 0.000000000000000000
neuron 2 0.000000000000000000 0.000000000000000000 0.000000000000000000 0.000000000000000000 1 0.000000000000000000
neuron 4 1.000000000000000000 0.000000000000000000 0.000000000000000000 0.000000000000000000 1 1.000000000000000000
neuron 4 1.000000000000000000 0.000000000000000000 0.000000000000000000 0.000000000000000000 1 1.000000000000000000
neuron 4 1.000000000000000000 0.000000000000000000 0.000000000000000000 0.000000000000000000 1 1.000000000000000000
neuron 4 1.000000000000000000 0.000000000000000000 0.000000000000000000 0.000000000000000000 1 1.000000000000000000
neuron 4 1.000000000000000000 0.000000000000000000 0.000000000000000000 0.000000000000000000 1 1.000000000000000000
neuron 3 1.000000000000000000 0.000000000000000000 0.000000000000000000 0.000000000000000000 1 0.500000000000000000
neuron 3 1.000000000000000000 0.000000000000000000 0.000000000000000000 0.000000000000000000 1 0.500000000000000000
neuron 3 1.000000000000000000 0.000000000000000000 0.000000000000000000 0.000000000000000000 1 0.500000000000000000
neuron 3 1.000000000000000000 0.000000000000000000 0.000000000000000000 0.000000000000000000 1 0.500000000000000000
neuron 3 1.000000000000000000 0.000000000000000000 0.000000000000000000 0.000000000000000000 1 0.500000000000000000
neuron 3 1.000000000000000000 0.000000000000000000 0.000000000000000000 0.000000000000000000 1 0.500000000000000000
neuron 3 1.000000000000000000 0.000000000000000000 0.000000000000000000 0.000000000000000000 1 0.500000000000000000
neuron 3 1.000000000000000000 0.000000000000000000 0.000000000000000000 0.000000000000000000 1 0.500000000000000000
neuron 3 1.000000000000000000 0.000000000000000000 0.000000000000000000 0.000000000000000000 1 0.500000000000000000
neuron 3 1.000000000000000000 0.000000000000000000 0.000000000000000000 0.000000000000000000 1 0.500000000000000000
neuron 3 1.000000000000000000 0.000000000000000000 0.000000000000000000 0.000000000000000000 1 0.250000000000000000
neuron 3 1.000000000000000000 0.000000000000000000 0.000000000000000000 0.000000000000000000 1 0.250000000000000000
neuron 3 1.000000000000000000 0.000000000000000000 0.000000000000000000 0.000000000000000000 4 0.250000000000000000
neuron 3 1.000000000000000000 0.000000000000000000 0.000000000000000000 0.000000000000000000 1 0.250000000000000000
neuron 3 1.000000000000000000 0.000000000000000000 0.000000000000000000 0.000000000000000000 1 0.250000000000000000
neuron 3 1.000000000000000000 0.000000000000000000 0.000000000000000000 0.000000000000000000 2 0.250000000000000000
neuron 3 1.000000000000000000 0.000000000000000000 0.000000000000000000 0.000000000000000000 1 0.250000000000000000
neuron 3 1.000000000000000000 0.000000000000000000 0.000000000000000000 0.000000000000000000 2 0.250000000000000000
neuron 3 1.000000000000000000 0.000000000000000000 0.000000000000000000 0.000000000000000000 1 0.250000000000000000
neuron 3 1.000000000000000000 0.000000000000000000 0.000000000000000000 0.000000000000000000 4 0.125000000000000000
neuron 3 1.000000000000000000 0.000000000000000000 0.000000000000000000 0.000000000000000000 1 0.250000000000000000
neuron 3 1.000000000000000000 0.000000000000000000 0.000000000000000000 0.000000000000000000 1 0.250000000000000000
neuron 3 1.000000000000000000 0.000000000000000000 0.000000000000000000 0.000000000000000000 1 0.250000000000000000
neuron 3 1.000000000000000000 0.000000000000000000 0.000000000000000000 0.000000000000000000 1 0.250000000000000000
neuron 3 1.000000000000000000 0.000000000000000000 0.000000000000000000 0.000000000000000000 1 0.250000000000000000
neuron 3 1.000000000000000000 0.000000000000000000 0.000000000000000000 0.000000000000000000 1 0.250000000000000000
neuron 3 1.000000000000000000 0.000000000000000000 0.000000000000000000 0.000000000000000000 1 0.250000000000000000
connection 0 53 4.563489450141787529 0 0.299999999999999989 0.100000000000000006
connection 1 53 1.630004949867725372 0 0.299999999999999989 0.100000000000000006
connection 2 53 0.752100929385051131 0 0.299999999999999989 0.100000000000000006
connection 3 53 0.217676550790201873 0 0.299999999999999989 0.100000000000000006
connection 4 53 -4.955373490403871983 0 0.299999999999999989 0.100000000000000006
connection 5 53 0.406785981031134725 0 0.299999999999999989 0.100000000000000006
connection 6 53 -0.500605982495471835 0 0.299999999999999989 0.100000000000000006
connection 7 53 -1.217882426455616951 0 0.299999999999999989 0.100000000000000006
connection 8 53 -0.277840119320899248 0 0.299999999999999989 0.100000000000000006
connection 9 53 -0.880294452188536525 0 0.299999999999999989 0.100000000000000006
connection 10 53 -0.822267154660949018 0 0.299999999999999989 0.100000000000000006
connection 11 53 -1.087976773269474506 0 0.299999999999999989 0.100000000000000006
connection 12 53 -2.951038451399654150 0 0.299999999999999989 0.100000000000000006
connection 13 53 0.510262533702189103 0 0.299999999999999989 0.100000000000000006
connection 14 53 0.091341326013207436 0 0.299999999999999989 0.100000000000000006
connection 15 53 1.679896953282877803 0 0.299999999999999989 0.100000000000000006
connection 16 53 6.436210413929075003 0 0.299999999999999989 0.100000000000000006
connection 17 53 -1.226896378630442541 0 0.299999999999999989 0.100000000000000006
connection 18 53 -1.061768278514136910 0 0.299999999999999989 0.100000000000000006
connection 19 53 2.633235444314777851 0 0.299999999999999989 0.100000000000000006
connection 20 53 -1.594938005553558469 0 0.299999999999999989 0.100000000000000006
connection 21 53 -2.009561643179040402 0 0.299999999999999989 0.100000000000000006
connection 23 53 3.401118640613276511 0 0.299999999999999989 0.100000000000000006
connection 24 53 1.109365099808201194 0 0.299999999999999989 0.100000000000000006
connection 25 53 -0.732232536654919386 0 0.299999999999999989 0.100000000000000006
connection 26 53 -1.501308898208662868 0 0.299999999999999989 0.100000000000000006
connection 27 53 -3.482699062020401470 0 0.299999999999999989 0.100000000000000006
connection 28 53 3.708488655131077394 0 0.299999999999999989 0.100000000000000006
connection 29 53 0.747149816423188895 0 0.299999999999999989 0.100000000000000006
connection 30 53 -1.714903463143855333 0 0.299999999999999989 0.100000000000000006
connection 31 53 4.144682389218360186 0 0.299999999999999989 0.100000000000000006
connection 32 53 -1.844281256388057955 0 0.299999999999999989 0.100000000000000006
connection 33 53 -3.383918232982978225 0 0.299999999999999989 0.100000000000000006
connection 34 53 0.174199463333934546 0 0.299999999999999989 0.100000000000000006
connection 35 53 1.435753638157621026 0 0.299999999999999989 0.100000000000000006
connection 36 53 0.149200568965170532 0 0.299999999999999989 0.100000000000000006
connection 38 53 -0.348116800771094859 0 0.299999999999999989 0.100000000000000006
connection 39 53 1.114815522218123078 0 0.299999999999999989 0.100000000000000006
connection 40 53 -0.449680878838989884 0 0.299999999999999989 0.100000000000000006
connection 41 53 0.993054056307300925 0 0.299999999999999989 0.100000000000000006
connection 42 53 -2.651575490832328796 0 0.299999999999999989 0.100000000000000006
connection 43 53 -2.145808734698221087 0 0.299999999999999989 0.100000000000000006
connection 44 53 -0.849949211347848177 0 0.299999999999999989 0.100000000000000006
connection 45 53 -0.338069931021891534 0 0.299999999999999989 0.100000000000000006
connection 46 53 0.041271467693150043 0 0.299999999999999989 0.100000000000000006
connection 47 53 -2.718532731320010498 0 0.299999999999999989 0.100000000000000006
connection 0 54 -0.709024224779568613 0 0.299999999999999989 0.100000000000000006
connection 1 54 0.274849847424775362 0 0.299999999999999989 0.100000000000000006
connection 2 54 -3.417421565740369260 0 0.299999999999999989 0.100000000000000006
connection 3 54 -0.378918847767636180 0 0.299999999999999989 0.100000000000000006
connection 4 54 2.288319609884638339 0 0.299999999999999989 0.100000000000000006
connection 5 54 2.502040668012341484 0 0.299999999999999989 0.100000000000000006
connection 6 54 0.853144579916261137 0 0.299999999999999989 0.100000000000000006
connection 7 54 -0.120633624424954178 0 0.299999999999999989 0.100000000000000006
connection 8 54 -0.760831090155988932 0 0.299999999999999989 0.100000000000000006
connection 9 54 -1.942204526974819601 0 0.299999999999999989 0.100000000000000006
connection 10 54 0.746430930681526661 0 0.299999999999999989 0.100000000000000006
connection 12 54 0.372114052530378103 0 0.299999999999999989 0.100000000000000006
connection 13 54 0.454272879054769874 0 0.299999999999999989 0.100000000000000006
connection 14 54 0.890204878553049639 0 0.299999999999999989 0.100000000000000006
connection 15 54 1.359662130649667233 0 0.299999999999999989 0.100000000000000006
connection 16 54 0.674519334686920047 0 0.299999999999999989 0.100000000000000006
connection 17 54 -1.369107800303027034 0 0.299999999999999989 0.100000000000000006
connection 18 54 -0.285382027737796307 0 0.299999999999999989 0.100000000000000006
connection 19 54 3.691601365804672241 0 0.299999999999999989 0.100000000000000006
connection 20 54 -1.097335095051676035 0 0.299999999999999989 0.100000000000000006
connection 21 54 0.416528048575855792 0 0.299999999999999989 0.100000000000000006
connection 22 54 0.904943320434540510 0 0.299999999999999989 0.100000000000000006
connection 23 54 0.176170378224924207 0 0.299999999999999989 0.100000000000000006
connection 24 54 0.080636682105250657 0 0.299999999999999989 0.100000000000000006
connection 25 54 -1.843881184206111357 0 0.299999999999999989 0.100000000000000006
connection 26 54 -1.691759415145497769 0 0.299999999999999989 0.100000000000000006
connection 27 54 -2.976259825980378082 0 0.299999999999999989 0.100000000000000006
connection 28 54 -0.151066791033372283 0 0.299999999999999989 0.100000000000000006
connection 29 54 0.119616490788757801 0 0.299999999999999989 0.100000000000000006
connection 30 54 -1.622180762758944184 0 0.299999999999999989 0.100000000000000006
connection 32 54 -1.951024907175451517 0 0.299999999999999989 0.100000000000000006
connection 33 54 0.760891718091443181 0 0.299999999999999989 0.100000000000000006
connection 34 54 -0.158009161164955003 0 0.299999999999999989 0.100000000000000006
connection 35 54 -3.355265195015817881 0 0.299999999999999989 0.100000000000000006
connection 36 54 1.008590972545789555 0 0.299999999999999989 0.100000000000000006
connection 39 54 -2.662948166776914150 0 0.299999999999999989 0.100000000000000006
connection 40 54 -1.109256062190979719 0 0.299999999999999989 0.100000000000000006
connection 41 54 -3.871985005214810371 0 0.299999999999999989 0.100000000000000006
connection 42 54 -1.504543990071397275 0 0.299999999999999989 0.100000000000000006
connection 43 54 -0.237029894031365984 0 0.299999999999999989 0.100000000000000006
connection 44 54 0.308925411198288202 0 0.299999999999999989 0.100000000000000006
connection 45 54 -1.062350635416805744 0 0.299999999999999989 0.100000000000000006
connection 46 54 4.121918458477011882 0 0.299999999999999989 0.100000000000000006
connection 47 54 -0.012098615057766438 0 0.299999999999999989 0.100000000000000006
connection 0 55 -0.959581987954152282 0 0.299999999999999989 0.100000000000000006
connection 1 55 -3.889879773079883307 0 0.299999999999999989 0.100000000000000006
connection 2 55 0.140261894528521225 0 0.299999999999999989 0.100000000000000006
connection 3 55 -1.397779325256124139 0 0.299999999999999989 0.100000000000000006
connection 4 55 -0.733435472240671515 0 0.299999999999999989 0.100000000000000006
connection 5 55 -2.940293615534756100 0 0.299999999999999989 0.100000000000000006
connection 6 55 0.402805093908682466 0 0.299999999999999989 0.100000000000000006
connection 8 55 -1.176674087415449321 0 0.299999999999999989 0.100000000000000006
connection 9 55 0.648914241755846888 0 0.299999999999999989 0.100000000000000006
connection 10 55 0.671433103056187974 0 0.299999999999999989 0.100000000000000006
connection 11 55 -4.356006210728082806 0 0.299999999999999989 0.100000000000000006
connection 12 55 -1.281537811330053955 0 0.299999999999999989 0.100000000000000006
connection 13 55 0.013333903509192169 0 0.299999999999999989 0.100000000000000006
connection 14 55 0.078391595860011876 0 0.299999999999999989 0.100000000000000006
connection 15 55 -1.418293604685459286 0 0.299999999999999989 0.100000000000000006
connection 16 55 -0.319696423131972551 0 0.299999999999999989 0.100000000000000006
connection 17 55 -0.332634664140641689 0 0.299999999999999989 0.100000000000000006
connection 18 55 -0.277126909000799060 0 0.299999999999999989 0.100000000000000006
connection 19 55 0.752279191743582487 0 0.299999999999999989 0.100000000000000006
connection 20 55 0.893430019757943228 0 0.299999999999999989 0.100000000000000006
connection 21 55 4.175422347983840154 0 0.299999999999999989 0.100000000000000006
connection 22 55 -1.402057062601670623 0 0.299999999999999989 0.100000000000000006
connection 23 55 2.996465829608496279 0 0.299999999999999989 0.100000000000000006
connection 24 55 -0.004634001932572573 0 0.299999999999999989 0.100000000000000006
connection 26 55 0.943209713790565729 0 0.299999999999999989 0.100000000000000006
connection 27 55 -1.179839390097185969 0 0.299999999999999989 0.100000000000000006
connection 28 55 0.769907847003196366 0 0.299999999999999989 0.100000000000000006
connection 29 55 0.393349728081375360 0 0.299999999999999989 0.100000000000000006
connection 30 55 0.196290961699560285 0 0.299999999999999989 0.100000000000000006
connection 31 55 0.498094515642151237 0 0.299999999999999989 0.100000000000000006
connection 32 55 -0.840384398587048054 0 0.299999999999999989 0.100000000000000006
connection 34 55 1.352560981991700828 0 0.299999999999999989 0.100000000000000006
connection 35 55 0.505200786377827171 0 0.299999999999999989 0.100000000000000006
connection 36 55 -5.156003797543235123 0 0.299999999999999989 0.100000000000000006
connection 37 55 4.201111671776743606 0 0.299999999999999989 0.100000000000000006
connection 38 55 -0.159107878804206848 0 0.299999999999999989 0.100000000000000006
connection 40 55 3.163826422998681664 0 0.299999999999999989 0.100000000000000006
connection 41 55 -2.670397775218589231 0 0.299999999999999989 0.100000000000000006
connection 42 55 2.547467712662182748 0 0.299999999999999989 0.100000000000000006
connection 43 55 1.045260703773237765 0 0.299999999999999989 0.100000000000000006
connection 44 55 0.694618684152374044 0 0.299999999999999989 0.100000000000000006
connection 45 55 -2.499114309059223160 0 0.299999999999999989 0.100000000000000006
connection 46 55 -0.370647809468209743 0 0.299999999999999989 0.100000000000000006
connection 47 55 0.379258382599800825 0 0.299999999999999989 0.100000000000000006
connection 0 56 2.032618635392282158 0 0.299999999999999989 0.100000000000000006
connection 1 56 -0.065462015569210052 0 0.299999999999999989 0.100000000000000006
connection 2 56 0.044374260527547449 0 0.299999999999999989 0.100000000000000006
connection 3 56 -0.458939140487927943 0 0.299999999999999989 0.100000000000000006
connection 4 56 1.241152764356229454 0 0.299999999999999989 0.100000000000000006
connection 5 56 1.586815430084243417 0 0.299999999999999989 0.100000000000000006
connection 6 56 1.475895627489080653 0 0.299999999999999989 0.100000000000000006
connection 7 56 1.343867904273793101 0 0.299999999999999989 0.100000000000000006
connection 8 56 0.427092604804784060 0 0.299999999999999989 0.100000000000000006
connection 9 56 0.871940633398480713 0 0.299999999999999989 0.100000000000000006
connection 10 56 -2.029235195601359010 0 0.299999999999999989 0.100000000000000006
connection 11 56 6.217175381723791361 0 0.299999999999999989 0.100000000000000006
connection 12 56 0.099362638877209974 0 0.299999999999999989 0.100000000000000006
connection 13 56 1.978064824805187527 0 0.299999999999999989 0.100000000000000006
connection 14 56 -1.884124127565883100 0 0.299999999999999989 0.100000000000000006
connection 15 56 -0.525587017397810996 0 0.299999999999999989 0.100000000000000006
connection 16 56 1.404867264791391790 0 0.299999999999999989 0.100000000000000006
connection 17 56 0.585251830285415053 0 0.299999999999999989 0.100000000000000006
connection 18 56 0.650729615008458495 0 0.299999999999999989 0.100000000000000006
connection 20 56 0.799701374024152756 0 0.299999999999999989 0.100000000000000006
connection 21 56 0.912306443322449923 0 0.299999999999999989 0.100000000000000006
connection 22 56 -1.078634799458086491 0 0.299999999999999989 0.100000000000000006
connection 23 56 0.439675819652620703 0 0.299999999999999989 0.100000000000000006
connection 25 56 2.267661829057033174 0 0.299999999999999989 0.100000000000000006
connection 26 56 0.052517641568556428 0 0.299999999999999989 0.100000000000000006
connection 27 56 0.405817832070169970 0 0.299999999999999989 0.100000000000000006
connection 28 56 3.046266958466731012 0 0.299999999999999989 0.100000000000000006
connection 29 56 -5.219161463552154601 0 0.299999999999999989 0.100000000000000006
connection 30 56 3.233160331466933712 0 0.299999999999999989 0.100000000000000006
connection 31 56 1.876187902642413974 0 0.299999999999999989 0.100000000000000006
connection 32 56 -2.132232993317302316 0 0.299999999999999989 0.100000000000000006
connection 33 56 -0.328992602648213506 0 0.299999999999999989 0.100000000000000006
connection 34 56 2.368709166068583727 0 0.299999999999999989 0.100000000000000006
connection 35 56 -0.342479905197251355 0 0.299999999999999989 0.100000000000000006
connection 36 56 -1.383255503747932380 0 0.299999999999999989 0.100000000000000006
connection 37 56 0.228127591719385237 0 0.299999999999999989 0.100000000000000006
connection 38 56 0.080769963155034930 0 0.299999999999999989 0.100000000000000006
connection 40 56 -1.433815556811168790 0 0.299999999999999989 0.100000000000000006
connection 41 56 -0.689271798066329211 0 0.299999999999999989 0.100000000000000006
connection 42 56 -0.226845386670902371 0 0.299999999999999989 0.100000000000000006
connection 43 56 1.848204412905033678 0 0.299999999999999989 0.100000000000000006
connection 44 56 0.019552194920834154 0 0.299999999999999989 0.100000000000000006
connection 45 56 0.304659222485497594 0 0.299999999999999989 0.100000000000000006
connection 46 56 -2.454037287512619514 0 0.299999999999999989 0.100000000000000006
connection 47 56 2.035491349342919420 0 0.299999999999999989 0.100000000000000006
connection 0 57 1.893424040514219087 0 0.299999999999999989 0.100000000000000006
connection 1 57 -2.384084626042749733 0 0.299999999999999989 0.100000000000000006
connection 2 57 1.655371578177437186 0 0.299999999999999989 0.100000000000000006
connection 4 57 1.622946955612860620 0 0.299999999999999989 0.100000000000000006
connection 5 57 -0.111872734763892367 0 0.299999999999999989 0.100000000000000006
connection 6 57 -2.161068302841158584 0 0.299999999999999989 0.100000000000000006
connection 7 57 0.267102393787354231 0 0.299999999999999989 0.100000000000000006
connection 8 57 1.497153610347595531 0 0.299999999999999989 0.100000000000000006
connection 9 57 6.020656409440562129 0 0.299999999999999989 0.100000000000000006
connection 10 57 -1.482178685826511355 0 0.299999999999999989 0.100000000000000006
connection 11 57 0.195294700097292662 0 0.299999999999999989 0.100000000000000006
connection 12 57 -1.932469334045890719 0 0.299999999999999989 0.100000000000000006
connection 13 57 -2.955966408742824569 0 0.299999999999999989 0.100000000000000006
connection 14 57 -1.361414655577391386 0 0.299999999999999989 0.100000000000000006
connection 15 57 -0.487918087696016300 0 0.299999999999999989 0.100000000000000006
connection 16 57 3.738012290115875658 0 0.299999999999999989 0.100000000000000006
connection 17 57 0.131034864345565438 0 0.299999999999999989 0.100000000000000006
connection 18 57 -0.800792015623301268 0 0.299999999999999989 0.100000000000000006
connection 19 57 0.301738044421654195 0 0.299999999999999989 0.100000000000000006
connection 20 57 -1.347030575852841139 0 0.299999999999999989 0.100000000000000006
connection 21 57 0.140717535745352507 0 0.299999999999999989 0.100000000000000006
connection 22 57 1.926429766055662185 0 0.299999999999999989 0.100000000000000006
connection 23 57 2.035492628783686087 0 0.299999999999999989 0.100000000000000006
connection 25 57 0.216414670838275924 0 0.299999999999999989 0.100000000000000006
connection 26 57 -0.740500969579443336 0 0.299999999999999989 0.100000000000000006
connection 27 57 0.449325287831015885 0 0.299999999999999989 0.100000000000000006
connection 28 57 -2.181384843075647950 0 0.299999999999999989 0.100000000000000006
connection 29 57 0.090769071597605944 0 0.299999999999999989 0.100000000000000006
connection 30 57 -0.303190944308880717 0 0.299999999999999989 0.100000000000000006
connection 31 57 0.215081606758758426 0 0.299999999999999989 0.100000000000000006
connection 32 57 0.743830482475459576 0 0.299999999999999989 0.100000000000000006
connection 33 57 -0.928567265509627759 0 0.299999999999999989 0.100000000000000006
connection 34 57 -0.782636675052344799 0 0.299999999999999989 0.100000000000000006
connection 35 57 -0.597501754527911544 0 0.299999999999999989 0.100000000000000006
connection 36 57 1.021832384642038960 0 0.299999999999999989 0.100000000000000006
connection 37 57 -0.131981236860156059 0 0.299999999999999989 0.100000000000000006
connection 38 57 0.398439637443516403 0 0.299999999999999989 0.100000000000000006
connection 39 57 -0.294561009272001684 0 0.299999999999999989 0.100000000000000006
connection 40 57 -3.239676909521222115 0 0.299999999999999989 0.100000000000000006
connection 41 57 -2.642510041099740192 0 0.299999999999999989 0.100000000000000006
connection 42 57 -0.020294393179938197 0 0.299999999999999989 0.100000000000000006
connection 43 57 -0.237303484871517867 0 0.299999999999999989 0.100000000000000006
connection 44 57 0.536881234729662538 0 0.299999999999999989 0.100000000000000006
connection 45 57 1.116059343425149564 0 0.299999999999999989 0.100000000000000006
connection 46 57 0.106335923541337252 0 0.299999999999999989 0.100000000000000006
connection 47 57 -2.433476516140217427 0 0.299999999999999989 0.100000000000000006
connection 0 58 -3.533367215941325412 0 0.299999999999999989 0.100000000000000006
connection 1 58 -2.314666627789847553 0 0.299999999999999989 0.100000000000000006
connection 2 58 -0.719710309756919742 0 0.299999999999999989 0.100000000000000006
connection 3 58 6.042752433102577925 0 0.299999999999999989 0.100000000000000006
connection 4 58 0.603154803848156007 0 0.299999999999999989 0.100000000000000006
connection 5 58 -2.880906161095481366 0 0.299999999999999989 0.100000000000000006
connection 6 58 -0.214651294285431504 0 0.299999999999999989 0.100000000000000006
connection 7 58 0.872579449787735939 0 0.299999999999999989 0.100000000000000006
connection 8 58 -0.787306994579921593 0 0.299999999999999989 0.100000000000000006
connection 9 58 -3.619070034823380411 0 0.299999999999999989 0.100000000000000006
connection 10 58 0.324370780086610466 0 0.299999999999999989 0.100000000000000006
connection 11 58 -0.914851418812759221 0 0.299999999999999989 0.100000000000000006
connection 12 58 1.621655186987482011 0 0.299999999999999989 0.100000000000000006
connection 13 58 0.479171214392408729 0 0.299999999999999989 0.100000000000000006
connection 14 58 1.201453001471236348 0 0.299999999999999989 0.100000000000000006
connection 15 58 2.120416919755371055 0 0.299999999999999989 0.100000000000000006
connection 16 58 -0.665008549345657229 0 0.299999999999999989 0.100000000000000006
connection 17 58 1.464434531750157475 0 0.299999999999999989 0.100000000000000006
connection 18 58 2.173037396161817014 0 0.299999999999999989 0.100000000000000006
connection 19 58 0.825045119025162421 0 0.299999999999999989 0.100000000000000006
connection 20 58 0.892647649627178907 0 0.299999999999999989 0.100000000000000006
connection 21 58 -1.541218331025447696 0 0.299999999999999989 0.100000000000000006
connection 22 58 -0.707678658887743950 0 0.299999999999999989 0.100000000000000006
connection 23 58 3.126998873136471957 0 0.299999999999999989 0.100000000000000006
connection 24 58 0.428377352043753490 0 0.299999999999999989 0.100000000000000006
connection 25 58 -0.947093343827873468 0 0.299999999999999989 0.100000000000000006
connection 26 58 1.779125457571353763 0 0.299999999999999989 0.100000000000000006
connection 27 58 -2.057731943612452596 0 0.299999999999999989 0.100000000000000006
connection 28 58 -0.485314063960686326 0 0.299999999999999989 0.100000000000000006
connection 29 58 2.885974517983413534 0 0.299999999999999989 0.100000000000000006
connection 30 58 0.323537461576052010 0 0.299999999999999989 0.100000000000000006
connection 31 58 0.522949474165216088 0 0.299999999999999989 0.100000000000000006
connection 32 58 -0.660536293173208833 0 0.299999999999999989 0.100000000000000006
connection 33 58 2.549861116800457239 0 0.299999999999999989 0.100000000000000006
connection 34 58 1.267799770925194025 0 0.299999999999999989 0.100000000000000006
connection 35 58 -0.407759872730821371 0 0.299999999999999989 0.100000000000000006
connection 36 58 1.672780496068298817 0 0.299999999999999989 0.100000000000000006
connection 37 58 -0.214524763403460383 0 0.299999999999999989 0.100000000000000006
connection 38 58 1.544512694454169832 0 0.299999999999999989 0.100000000000000006
connection 39 58 0.893491568916942924 0 0.299999999999999989 0.100000000000000006
connection 40 58 0.835674611385911703 0 0.299999999999999989 0.100000000000000006
connection 41 58 -0.634655093541368842 0 0.299999999999999989 0.100000000000000006
connection 42 58 -2.099146025953814387 0 0.299999999999999989 0.100000000000000006
connection 43 58 1.751752957556163892 0 0.299999999999999989 0.100000000000000006
connection 44 58 -0.902392448973841965 0 0.299999999999999989 0.100000000000000006
connection 45 58 1.755769864423200488 0 0.299999999999999989 0.100000000000000006
connection 46 58 0.126358525594696403 0 0.299999999999999989 0.100000000000000006
connection 47 58 -2.110925661283545196 0 0.299999999999999989 0.100000000000000006
connection 0 59 0.432083971798419952 0 0.299999999999999989 0.100000000000000006
connection 1 59 -0.341598805855028331 0 0.299999999999999989 0.100000000000000006
connection 2 59 3.146259186323732138 0 0.299999999999999989 0.100000000000000006
connection 3 59 -0.239308884774800390 0 0.299999999999999989 0.100000000000000006
connection 4 59 -1.184757855255156755 0 0.299999999999999989 0.100000000000000006
connection 6 59 2.136643834353890270 0 0.299999999999999989 0.100000000000000006
connection 7 59 3.098433340637711808 0 0.299999999999999989 0.100000000000000006
connection 8 59 -1.708675376372411847 0 0.299999999999999989 0.100000000000000006
connection 9 59 0.116308587137609720 0 0.299999999999999989 0.100000000000000006
connection 10 59 0.559053183227661066 0 0.299999999999999989 0.100000000000000006
connection 11 59 -1.354801395791582763 0 0.299999999999999989 0.100000000000000006
connection 12 59 0.333381046075373888 0 0.299999999999999989 0.100000000000000006
connection 13 59 1.682321677973959595 0 0.299999999999999989 0.100000000000000006
connection 14 59 -0.660404751426540315 0 0.299999999999999989 0.100000000000000006
connection 15 59 2.653451718506403267 0 0.299999999999999989 0.100000000000000006
connection 16 59 0.053463649819605052 0 0.299999999999999989 0.100000000000000006
connection 17 59 -1.495798115385696292 0 0.299999999999999989 0.100000000000000006
connection 18 59 -1.472409124253317714 0 0.299999999999999989 0.100000000000000006
connection 20 59 -2.152066188777098432 0 0.299999999999999989 0.100000000000000006
connection 21 59 0.127642689505591989 0 0.299999999999999989 0.100000000000000006
connection 22 59 -0.523848609474953264 0 0.299999999999999989 0.100000000000000006
connection 23 59 0.049771766876801848 0 0.299999999999999989 0.100000000000000006
connection 24 59 -0.002124070539139211 0 0.299999999999999989 0.100000000000000006
connection 25 59 5.736456020327750593 0 0.299999999999999989 0.100000000000000006
connection 26 59 0.858219956497123349 0 0.299999999999999989 0.100000000000000006
connection 27 59 -1.236128043499775231 0 0.299999999999999989 0.100000000000000006
connection 28 59 -0.323586161946877837 0 0.299999999999999989 0.100000000000000006
connection 29 59 -0.919968124479055405 0 0.299999999999999989 0.100000000000000006
connection 30 59 0.324232626939192414 0 0.299999999999999989 0.100000000000000006
connection 31 59 0.087878387072123587 0 0.299999999999999989 0.100000000000000006
connection 32 59 0.412972963182255626 0 0.299999999999999989 0.100000000000000006
connection 33 59 3.416911575201083906 0 0.299999999999999989 0.100000000000000006
connection 34 59 0.576094378251582384 0 0.299999999999999989 0.100000000000000006
connection 35 59 -0.983474546927027404 0 0.299999999999999989 0.100000000000000006
connection 36 59 -1.067825661855749786 0 0.299999999999999989 0.100000000000000006
connection 37 59 -3.847079848579596728 0 0.299999999999999989 0.100000000000000006
connection 38 59 0.100720541697228327 0 0.299999999999999989 0.100000000000000006
connection 39 59 2.381861505717097316 0 0.299999999999999989 0.100000000000000006
connection 40 59 -0.248736961046233773 0 0.299999999999999989 0.100000000000000006
connection 41 59 -1.004887730116024613 0 0.299999999999999989 0.100000000000000006
connection 42 59 0.783278410322964191 0 0.299999999999999989 0.100000000000000006
connection 43 59 0.463143310858868062 0 0.299999999999999989 0.100000000000000006
connection 44 59 1.771311019954737276 0 0.299999999999999989 0.100000000000000006
connection 46 59 -0.644865886832121760 0 0.299999999999999989 0.100000000000000006
connection 47 59 0.197157290705945343 0 0.299999999999999989 0.100000000000000006
connection 0 60 2.943885440414305776 0 0.299999999999999989 0.100000000000000006
connection 1 60 -1.631347002927213907 0 0.299999999999999989 0.100000000000000006
connection 2 60 1.344757351442240179 0 0.299999999999999989 0.100000000000000006
connection 3 60 1.105420685489661992 0 0.299999999999999989 0.100000000000000006
connection 4 60 -1.714213195606134832 0 0.299999999999999989 0.100000000000000006
connection 5 60 0.268986337847309187 0 0.299999999999999989 0.100000000000000006
connection 6 60 0.572108545573428273 0 0.299999999999999989 0.100000000000000006
connection 7 60 -2.206037847965490073 0 0.299999999999999989 0.100000000000000006
connection 8 60 -0.886808573690359481 0 0.299999999999999989 0.100000000000000006
connection 9 60 -0.686018287058686838 0 0.299999999999999989 0.100000000000000006
connection 10 60 3.953710754052735865 0 0.299999999999999989 0.100000000000000006
connection 12 60 -0.474844028794905171 0 0.299999999999999989 0.100000000000000006
connection 13 60 1.394553818041458726 0 0.299999999999999989 0.100000000000000006
connection 14 60 1.133203040459193289 0 0.299999999999999989 0.100000000000000006
connection 15 60 0.380074611864984035 0 0.299999999999999989 0.100000000000000006
connection 16 60 0.465563763631507754 0 0.299999999999999989 0.100000000000000006
connection 17 60 0.394703609228599817 0 0.299999999999999989 0.100000000000000006
connection 19 60 2.600906814332120121 0 0.299999999999999989 0.100000000000000006
connection 20 60 0.493769382766913623 0 0.299999999999999989 0.100000000000000006
connection 21 60 -0.837004892004188150 0 0.299999999999999989 0.100000000000000006
connection 22 60 -0.666107526049017906 0 0.299999999999999989 0.100000000000000006
connection 23 60 -0.757318270887481049 0 0.299999999999999989 0.100000000000000006
connection 24 60 -2.242678466791403480 0 0.299999999999999989 0.100000000000000006
connection 25 60 -0.567779035278363153 0 0.299999999999999989 0.100000000000000006
connection 27 60 -1.157319718855433166 0 0.299999999999999989 0.100000000000000006
connection 28 60 0.390441276540514082 0 0.299999999999999989 0.100000000000000006
connection 30 60 0.147777735255658627 0 0.299999999999999989 0.100000000000000006
connection 31 60 -0.529248422943055630 0 0.299999999999999989 0.100000000000000006
connection 32 60 1.947460231836885214 0 0.299999999999999989 0.100000000000000006
connection 33 60 1.724648625240661204 0 0.299999999999999989 0.100000000000000006
connection 34 60 -1.591655807802453637 0 0.299999999999999989 0.100000000000000006
connection 35 60 0.431653750361874700 0 0.299999999999999989 0.100000000000000006
connection 36 60 0.014038447290658951 0 0.299999999999999989 0.100000000000000006
connection 37 60 -0.832383044296875596 0 0.299999999999999989 0.100000000000000006
connection 39 60 1.238888883730396628 0 0.299999999999999989 0.100000000000000006
connection 40 60 -2.062637537950649858 0 0.299999999999999989 0.100000000000000006
connection 41 60 -1.372994681673844752 0 0.299999999999999989 0.100000000000000006
connection 42 60 -1.181813400005921721 0 0.299999999999999989 0.100000000000000006
connection 43 60 -3.227409509476274252 0 0.299999999999999989 0.100000000000000006
connection 44 60 0.794141836930066347 0 0.299999999999999989 0.100000000000000006
connection 45 60 -0.376749805640429258 0 0.299999999999999989 0.100000000000000006
connection 46 60 0.442907516844570637 0 0.299999999999999989 0.100000000000000006
connection 0 61 -1.236212950665503740 0 0.299999999999999989 0.100000000000000006
connection 1 61 -0.413993412163108587 0 0.299999999999999989 0.100000000000000006
connection 3 61 -0.535598414891865104 0 0.299999999999999989 0.100000000000000006
connection 4 61 0.559051062678918242 0 0.299999999999999989 0.100000000000000006
connection 5 61 2.015426779165863991 0 0.299999999999999989 0.100000000000000006
connection 6 61 0.439534114673733711 0 0.299999999999999989 0.100000000000000006
connection 7 61 -1.153264839813346043 0 0.299999999999999989 0.100000000000000006
connection 8 61 1.997940393179305829 0 0.299999999999999989 0.100000000000000006
connection 9 61 0.698544094921089709 0 0.299999999999999989 0.100000000000000006
connection 10 61 2.731185489217750728 0 0.299999999999999989 0.100000000000000006
connection 11 61 3.101996464247349650 0 0.299999999999999989 0.100000000000000006
connection 12 61 0.121023758547380567 0 0.299999999999999989 0.100000000000000006
connection 13 61 2.414399259553675847 0 0.299999999999999989 0.100000000000000006
connection 14 61 4.855405927075480577 0 0.299999999999999989 0.100000000000000006
connection 15 61 0.310598639654926956 0 0.299999999999999989 0.100000000000000006
connection 16 61 1.408317495428491384 0 0.299999999999999989 0.100000000000000006
connection 17 61 -1.616388684604316950 0 0.299999999999999989 0.100000000000000006
connection 18 61 -0.610821553564164788 0 0.299999999999999989 0.100000000000000006
connection 19 61 -0.030520163010805845 0 0.299999999999999989 0.100000000000000006
connection 20 61 -0.956336392788216472 0 0.299999999999999989 0.100000000000000006
connection 21 61 2.645536170100967865 0 0.299999999999999989 0.100000000000000006
connection 22 61 1.936701429774984717 0 0.299999999999999989 0.100000000000000006
connection 23 61 -1.031372511322842911 0 0.299999999999999989 0.100000000000000006
connection 24 61 -4.372653101192554459 0 0.299999999999999989 0.100000000000000006
connection 26 61 1.703492954140529037 0 0.299999999999999989 0.100000000000000006
connection 28 61 -1.444014465727377683 0 0.299999999999999989 0.100000000000000006
connection 29 61 0.567359198816120625 0 0.299999999999999989 0.100000000000000006
connection 30 61 1.234892720414791256 0 0.299999999999999989 0.100000000000000006
connection 31 61 1.659435236768331379 0 0.299999999999999989 0.100000000000000006
connection 32 61 -1.483985730534186587 0 0.299999999999999989 0.100000000000000006
connection 33 61 -0.809873937570955604 0 0.299999999999999989 0.100000000000000006
connection 34 61 -0.271359072066843510 0 0.299999999999999989 0.100000000000000006
connection 35 61 1.419183964957483113 0 0.299999999999999989 0.100000000000000006
connection 36 61 2.401093787499121390 0 0.299999999999999989 0.100000000000000006
connection 37 61 -0.259691622197351535 0 0.299999999999999989 0.100000000000000006
connection 38 61 -0.765685010701417923 0 0.299999999999999989 0.100000000000000006
connection 39 61 -1.478794297669082880 0 0.299999999999999989 0.100000000000000006
connection 40 61 2.887157986056990921 0 0.299999999999999989 0.100000000000000006
connection 41 61 1.554867195896804333 0 0.299999999999999989 0.100000000000000006
connection 42 61 -2.234452875563874841 0 0.299999999999999989 0.100000000000000006
connection 43 61 2.200764982611872256 0 0.299999999999999989 0.100000000000000006
connection 44 61 -0.753969921672251076 0 0.299999999999999989 0.100000000000000006
connection 45 61 0.101949746720492840 0 0.299999999999999989 0.100000000000000006
connection 46 61 -0.083416347391903400 0 0.299999999999999989 0.100000000000000006
connection 47 61 0.107961084460839629 0 0.299999999999999989 0.100000000000000006
connection 0 62 0.788020287174731493 0 0.299999999999999989 0.100000000000000006
connection 1 62 1.428442798205651343 0 0.299999999999999989 0.100000000000000006
connection 2 62 1.658642146110651083 0 0.299999999999999989 0.100000000000000006
connection 3 62 -0.879807812103535980 0 0.299999999999999989 0.100000000000000006
connection 4 62 -3.349818911752663553 0 0.299999999999999989 0.100000000000000006
connection 6 62 -1.572965390514582396 0 0.299999999999999989 0.100000000000000006
connection 7 62 -0.824799173045903444 0 0.299999999999999989 0.100000000000000006
connection 8 62 1.002437822520732880 0 0.299999999999999989 0.100000000000000006
connection 9 62 -6.569265372789232060 0 0.299999999999999989 0.100000000000000006
connection 10 62 5.898147201262872841 0 0.299999999999999989 0.100000000000000006
connection 12 62 -2.253514846321195364 0 0.299999999999999989 0.100000000000000006
connection 13 62 -0.880083458963781595 0 0.299999999999999989 0.100000000000000006
connection 15 62 1.261758697452023625 0 0.299999999999999989 0.100000000000000006
connection 16 62 2.326750390522647649 0 0.299999999999999989 0.100000000000000006
connection 17 62 -1.012111461255699396 0 0.299999999999999989 0.100000000000000006
connection 18 62 0.504501283867284656 0 0.299999999999999989 0.100000000000000006
connection 19 62 -0.431770524824969471 0 0.299999999999999989 0.100000000000000006
connection 20 62 -0.281218179734423757 0 0.299999999999999989 0.100000000000000006
connection 21 62 6.132585656712763011 0 0.299999999999999989 0.100000000000000006
connection 22 62 -1.144581814063712955 0 0.299999999999999989 0.100000000000000006
connection 23 62 0.410344649368198588 0 0.299999999999999989 0.100000000000000006
connection 24 62 0.064734917599707842 0 0.299999999999999989 0.100000000000000006
connection 25 62 -0.224871912549133413 0 0.299999999999999989 0.100000000000000006
connection 26 62 3.264347908785566688 0 0.299999999999999989 0.100000000000000006
connection 27 62 -2.098994748434051871 0 0.299999999999999989 0.100000000000000006
connection 28 62 -1.102465118747204542 0 0.299999999999999989 0.100000000000000006
connection 29 62 -2.708948735526064411 0 0.299999999999999989 0.100000000000000006
connection 30 62 1.058807810302823782 0 0.299999999999999989 0.100000000000000006
connection 31 62 3.231093166104983538 0 0.299999999999999989 0.100000000000000006
connection 32 62 1.404595587635412812 0 0.299999999999999989 0.100000000000000006
connection 33 62 0.065877871471457183 0 0.299999999999999989 0.100000000000000006
connection 35 62 1.379710554843768477 0 0.299999999999999989 0.100000000000000006
connection 36 62 1.500794347201008350 0 0.299999999999999989 0.100000000000000006
connection 37 62 -0.346507119946181774 0 0.299999999999999989 0.100000000000000006
connection 38 62 0.991385080036707222 0 0.299999999999999989 0.100000000000000006
connection 39 62 2.355360989975451957 0 0.299999999999999989 0.100000000000000006
connection 40 62 -0.607869189931079745 0 0.299999999999999989 0.100000000000000006
connection 41 62 -0.611898269271478057 0 0.299999999999999989 0.100000000000000006
connection 42 62 0.549091345863416791 0 0.299999999999999989 0.100000000000000006
connection 43 62 1.599617267260327935 0 0.299999999999999989 0.100000000000000006
connection 45 62 0.154632998863235116 0 0.299999999999999989 0.100000000000000006
connection 47 62 1.074821949820034206 0 0.299999999999999989 0.100000000000000006
connection 53 48 -0.315899117267690599 0 0.299999999999999989 0.100000000000000006
connection 54 48 -0.292320593493059278 0 0.299999999999999989 0.100000000000000006
connection 55 48 0.074094197247177362 0 0.299999999999999989 0.100000000000000006
connection 56 48 1.400173621717840433 0 0.299999999999999989 0.100000000000000006
connection 57 48 0.423626845469698310 0 0.299999999999999989 0.100000000000000006
connection 58 48 0.210657432442530990 0 0.299999999999999989 0.100000000000000006
connection 59 48 0.367234292672947049 0 0.299999999999999989 0.100000000000000006
connection 60 48 -0.433065105899004266 0 0.299999999999999989 0.100000000000000006
connection 61 48 1.735474365355912596 0 0.299999999999999989 0.100000000000000006
connection 54 49 -3.804120173386763781 0 0.299999999999999989 0.100000000000000006
connection 55 49 0.731865974608808756 0 0.299999999999999989 0.100000000000000006
connection 56 49 -0.794485292804893106 0 0.299999999999999989 0.100000000000000006
connection 57 49 3.586234751201118343 0 0.299999999999999989 0.100000000000000006
connection 58 49 0.049736179200408515 0 0.299999999999999989 0.100000000000000006
connection 59 49 0.096498162951320410 0 0.299999999999999989 0.100000000000000006
connection 60 49 0.420536099700257182 0 0.299999999999999989 0.100000000000000006
connection 61 49 -2.440367876610253006 0 0.299999999999999989 0.100000000000000006
connection 62 49 -1.702974805171834305 0 0.299999999999999989 0.100000000000000006
connection 53 50 -3.280469027056824416 0 0.299999999999999989 0.100000000000000006
connection 54 50 0.676547779119573534 0 0.299999999999999989 0.100000000000000006
connection 55 50 -1.826772082597017288 0 0.299999999999999989 0.100000000000000006
connection 56 50 -0.788453664863482118 0 0.299999999999999989 0.100000000000000006
connection 57 50 1.873320848826551810 0 0.299999999999999989 0.100000000000000006
connection 58 50 -0.054568894440308213 0 0.299999999999999989 0.100000000000000006
connection 59 50 0.341053209034726024 0 0.299999999999999989 0.100000000000000006
connection 60 50 -6.394245330695412122 0 0.299999999999999989 0.100000000000000006
connection 61 50 -0.813809616724029183 0 0.299999999999999989 0.100000000000000006
connection 62 50 -0.653356898372294381 0 0.299999999999999989 0.100000000000000006
connection 53 51 -1.070799069944769144 0 0.299999999999999989 0.100000000000000006
connection 54 51 -0.153536038938909769 0 0.299999999999999989 0.100000000000000006
connection 55 51 1.580762492551002651 0 0.299999999999999989 0.100000000000000006
connection 56 51 0.958150152000598609 0 0.299999999999999989 0.100000000000000006
connection 57 51 -1.450523179140873253 0 0.299999999999999989 0.100000000000000006
connection 58 51 1.109930668608285487 0 0.299999999999999989 0.100000000000000006
connection 59 51 -1.692471285117790103 0 0.299999999999999989 0.100000000000000006
connection 60 51 -1.034828111005481333 0 0.299999999999999989 0.100000000000000006
connection 61 51 3.778764923670678400 0 0.299999999999999989 0.100000000000000006
connection 62 51 2.070202138507738709 0 0.299999999999999989 0.100000000000000006
connection 53 52 -0.050071807081621955 0 0.299999999999999989 0.100000000000000006
connection 54 52 -0.833354303613305092 0 0.299999999999999989 0.100000000000000006
connection 56 52 -1.663822613074444234 0 0.299999999999999989 0.100000000000000006
connection 57 52 -0.389261598931625485 0 0.299999999999999989 0.100000000000000006
connection 58 52 -0.472065421738079749 0 0.299999999999999989 0.100000000000000006
connection 59 52 2.145795449032448232 0 0.299999999999999989 0.100000000000000006
connection 60 52 0.518033405998721719 0 0.299999999999999989 0.100000000000000006
connection 61 52 1.286085953019210137 0 0.299999999999999989 0.100000000000000006
connection 62 52 0.148274699400644749 0 0.299999999999999989 0.100000000000000006
connection 47 48 2.593386526859831065 0 0.299999999999999989 0.100000000000000006
connection 47 49 3.170045943232253194 0 0.299999999999999989 0.100000000000000006
connection 47 50 -0.049738366273231804 0 0.299999999999999989 0.100000000000000006
connection 47 51 -0.639418171160286875 0 0.299999999999999989 0.100000000000000006
connection 47 52 -0.956435386091470718 0 0.299999999999999989 0.100000000000000006
connection 7 52 4.590045197110157460 0 0.299999999999999989 0.100000000000000006
connection 23 48 -2.779028308752458543 0 0.299999999999999989 0.100000000000000006
connection 35 52 0.006827470613643527 0 0.299999999999999989 0.100000000000000006
connection 39 50 -2.312987343058921397 0 0.299999999999999989 0.100000000000000006
connection 15 50 -1.112070768722333014 0 0.299999999999999989 0.100000000000000006
connection 48 59 -1.848281252197921276 1 0.299999999999999989 0.100000000000000006
connection 26 48 0.292972101247869432 0 0.299999999999999989 0.100000000000000006
connection 1 50 -1.435790179937612265 0 0.299999999999999989 0.100000000000000006
connection 56 53 1.436511259584221989 0 0.299999999999999989 0.100000000000000006
connection 3 52 -2.580229894025251269 0 0.299999999999999989 0.100000000000000006
connection 29 48 2.719093721010722220 0 0.299999999999999989 0.100000000000000006
connection 55 60 -0.300282648531720042 0 0.299999999999999989 0.100000000000000006
connection 62 55 -2.436570767778903246 0 0.299999999999999989 0.100000000000000006
connection 33 51 0.299754995387047529 0 0.299999999999999989 0.100000000000000006
connection 36 49 -1.099806955477106385 0 0.299999999999999989 0.100000000000000006
connection 52 57 0.678345127147622406 1 0.299999999999999989 0.100000000000000006
connection 15 48 0.529692212316149380 0 0.299999999999999989 0.100000000000000006
connection 13 49 -0.038836260791867971 0 0.299999999999999989 0.100000000000000006
connection 5 63 0.143289550564986712 0 0.299999999999999989 0.100000000000000006
connection 63 62 -4.025443388556595892 0 0.299999999999999989 0.100000000000000006
connection 19 48 0.078349251183681190 0 0.299999999999999989 0.100000000000000006
connection 30 50 -0.488985649833921343 0 0.299999999999999989 0.100000000000000006
connection 53 55 -2.112019805004820228 0 0.299999999999999989 0.100000000000000006
connection 45 52 -0.203393323114141822 0 0.299999999999999989 0.100000000000000006
connection 11 64 1.147865069797262549 0 0.299999999999999989 0.100000000000000006
connection 64 60 -0.082865266944281757 0 0.299999999999999989 0.100000000000000006
connection 1 52 -5.005306997729348950 0 0.299999999999999989 0.100000000000000006
connection 14 48 -1.532712845058995299 0 0.299999999999999989 0.100000000000000006
connection 18 65 -1.703376113204285502 0 0.299999999999999989 0.100000000000000006
connection 65 60 0.659606942092068493 0 0.299999999999999989 0.100000000000000006
connection 51 57 -2.585483503760769963 1 0.299999999999999989 0.100000000000000006
connection 62 65 -0.903477511908931774 1 0.299999999999999989 0.100000000000000006
connection 53 65 -3.334344603530553286 1 0.299999999999999989 0.100000000000000006
connection 65 55 2.317666045040823519 0 0.299999999999999989 0.100000000000000006
connection 36 65 0.989807113219285384 0 0.299999999999999989 0.100000000000000006
connection 19 66 -0.863961951574310660 0 0.299999999999999989 0.100000000000000006
connection 66 59 -1.871463743271306157 0 0.299999999999999989 0.100000000000000006
connection 67 59 0.474408689537085593 0 0.299999999999999989 0.100000000000000006
connection 65 62 0.017927852459251881 0 0.299999999999999989 0.100000000000000006
connection 11 68 2.471615287417080253 0 0.299999999999999989 0.100000000000000006
connection 68 54 -0.330665921675972641 0 0.299999999999999989 0.100000000000000006
connection 59 59 0.105925331590697169 1 0.299999999999999989 0.100000000000000006
connection 4 65 -1.693574220093069016 0 0.299999999999999989 0.100000000000000006
connection 3 69 -0.501165966968983412 0 0.299999999999999989 0.100000000000000006
connection 69 57 0.793417393870186061 0 0.299999999999999989 0.100000000000000006
connection 40 67 -2.053436294932907913 0 0.299999999999999989 0.100000000000000006
connection 45 70 -0.283723044907674193 0 0.299999999999999989 0.100000000000000006
connection 70 59 -0.935717487707734108 0 0.299999999999999989 0.100000000000000006
connection 36 63 0.764166547640115823 0 0.299999999999999989 0.100000000000000006
connection 33 71 1.238310146465664729 0 0.299999999999999989 0.100000000000000006
connection 71 55 -1.689474825165234506 0 0.299999999999999989 0.100000000000000006
connection 68 60 -1.332403072156012058 0 0.299999999999999989 0.100000000000000006
connection 57 67 -3.005533469957299531 1 0.299999999999999989 0.100000000000000006
connection 23 71 -0.235275962273590267 0 0.299999999999999989 0.100000000000000006
connection 20 67 1.175556466565467417 0 0.299999999999999989 0.100000000000000006
connection 1 63 1.223997491644695401 0 0.299999999999999989 0.100000000000000006
connection 65 53 0.587470436468720436 0 0.299999999999999989 0.100000000000000006
connection 5 72 -0.661007743794471025 0 0.299999999999999989 0.100000000000000006
connection 72 67 0.214868902228772640 0 0.299999999999999989 0.100000000000000006
connection 44 67 -0.937291863840073347 0 0.299999999999999989 0.100000000000000006
connection 24 73 -0.217468021437525749 0 0.299999999999999989 0.100000000000000006
connection 73 57 0.279423549305647612 0 0.299999999999999989 0.100000000000000006
connection 37 71 1.385434309951961040 0 0.299999999999999989 0.100000000000000006
connection 11 74 -0.063843228388577700 0 0.299999999999999989 0.100000000000000006
connection 74 62 -0.650825274176895618 0 0.299999999999999989 0.100000000000000006
connection 38 75 0.202680280199274421 0 0.299999999999999989 0.100000000000000006
connection 75 60 0.696411773562431335 0 0.299999999999999989 0.100000000000000006
connection 7 76 0.321872344706207514 0 0.299999999999999989 0.100000000000000006
connection 76 55 -1.391043241135776043 0 0.299999999999999989 0.100000000000000006
connection 37 77 0.248756858520209789 0 0.299999999999999989 0.100000000000000006
connection 77 54 0.715340165188536048 0 0.299999999999999989 0.100000000000000006
connection 43 68 -0.548676026985049248 0 0.299999999999999989 0.100000000000000006
connection 76 68 -0.822186731267720461 0 0.299999999999999989 0.100000000000000006
connection 63 69 0.413305023219436407 0 0.299999999999999989 0.100000000000000006
connection 28 67 -0.019416303606703877 0 0.299999999999999989 0.100000000000000006
connection 24 66 -0.031680973945185542 0 0.299999999999999989 0.100000000000000006
connection 26 78 -0.753085582517087460 0 0.299999999999999989 0.100000000000000006
connection 78 60 -0.084605072857812047 0 0.299999999999999989 0.100000000000000006
connection 37 65 0.606831313576549292 0 0.299999999999999989 0.100000000000000006
connection 15 77 -0.317767602391541004 0 0.299999999999999989 0.100000000000000006
connection 34 69 0.092935647349804640 0 0.299999999999999989 0.100000000000000006
connection 16 72 0.229850114323198795 0 0.299999999999999989 0.100000000000000006
connection 77 59 -0.764578250702470541 0 0.299999999999999989 0.100000000000000006
connection 41 71 0.093660947866737843 0 0.299999999999999989 0.100000000000000006
connection 51 77 -0.063021034002304077 1 0.299999999999999989 0.100000000000000006
connection 27 79 -0.210962119512259960 0 0.299999999999999989 0.100000000000000006
connection 79 61 -0.112960918340831995 0 0.299999999999999989 0.100000000000000006
connection 67 76 0.389202780090272427 0 0.299999999999999989 0.100000000000000006
connection 13 79 0.045772303128615022 0 0.299999999999999989 0.100000000000000006
connection 40 70 0.427433941746130586 0 0.299999999999999989 0.100000000000000006
NNend

