NNstart
48 5
neuron 1 0.000000000000000000 0.000000000000000000 0.000000000000000000 0.000000000000000000 1 0.000000000000000000
neuron 1 0.000000000000000000 0.000000000000000000 0.000000000000000000 0.000000000000000000 1 0.000000000000000000
neuron 1 0.000000000000000000 0.000000000000000000 0.000000000000000000 0.000000000000000000 1 0.000000000000000000
neuron 1 0.000000000000000000 0.000000000000000000 0.000000000000000000 0.000000000000000000 1 0.000000000000000000
neuron 1 0.000000000000000000 0.000000000000000000 0.000000000000000000 0.000000000000000000 1 0.000000000000000000
neuron 1 0.000000000000000000 0.000000000000000000 0.000000000000000000 0.000000000000000000 1 0.000000000000000000
neuron 1 0.000000000000000000 0.000000000000000000 0.000000000000000000 0.000000000000000000 1 0.000000000000000000
neuron 1 0.000000000000000000 0.000000000000000000 0.000000000000000000 0.000000000000000000 1 0.000000000000000000
neuron 1 0.000000000000000000 0.000000000000000000 0.000000000000000000 0.000000000000000000 1 0.000000000000000000
neuron 1 0.000000000000000000 0.000000000000000000 0.000000000000000000 0.000000000000000000 1 0.000000000000000000
neuron 1 0.000000000000000000 0.000000000000000000 0.000000000000000000 0.000000000000000000 1 0.000000000000000000
neuron 1 0.000000000000000000 0.000000000000000000 0.000000000000000000 0.000000000000000000 1 0.000000000000000000
neuron 1 0.000000000000000000 0.000000000000000000 0.000000000000000000 0.000000000000000000 1 0.000000000000000000
neuron 1 0.000000000000000000 0.000000000000000000 0.000000000000000000 0.000000000000000000 1 0.000000000000000000
neuron 1 0.000000000000000000 0.000000000000000000 0.000000000000000000 0.000000000000000000 1 0.000000000000000000
neuron 1 0.000000000000000000 0.000000000000000000 0.000000000000000000 0.000000000000000000 1 0.000000000000000000
neuron 1 0.000000000000000000 0.000000000000000000 0.000000000000000000 0.000000000000000000 1 0.000000000000000000
neuron 1 0.000000000000000000 0.000000000000000000 0.000000000000000000 0.000000000000000000 1 0.000000000000000000
neuron 1 0.000000000000000000 0.000000000000000000 0.000000000000000000 0.000000000000000000 1 0.000000000000000000
neuron 1 0.000000000000000000 0.000000000000000000 0.000000000000000000 0.000000000000000000 1 0.000000000000000000
neuron 1 0.000000000000000000 0.000000000000000000 0.000000000000000000 0.000000000000000000 1 0.000000000000000000
neuron 1 0.000000000000000000 0.000000000000000000 0.000000000000000000 0.000000000000000000 1 0.000000000000000000
neuron 1 0.000000000000000000 0.000000000000000000 0.000000000000000000 0.000000000000000000 1 0.000000000000000000
neuron 1 0.000000000000000000 0.000000000000000000 0.000000000000000000 0.000000000000000000 1 0.000000000000000000
neuron 1 0.000000000000000000 0.000000000000000000 0.000000000000000000 0.000000000000000000 1 0.000000000000000000
neuron 1 0.000000000000000000 0.000000000000000000 0.000000000000000000 0.000000000000000000 1 0.000000000000000000
neuron 1 0.000000000000000000 0.000000000000000000 0.000000000000000000 0.000000000000000000 1 0.000000000000000000
neuron 1 0.000000000000000000 0.000000000000000000 0.000000000000000000 0.000000000000000000 1 0.000000000000000000
neuron 1 0.000000000000000000 0.000000000000000000 0.000000000000000000 0.000000000000000000 1 0.000000000000000000
neuron 1 0.000000000000000000 0.000000000000000000 0.000000000000000000 0.000000000000000000 1 0.000000000000000000
neuron 1 0.000000000000000000 0.000000000000000000 0.000000000000000000 0.000000000000000000 1 0.000000000000000000
neuron 1 0.000000000000000000 0.000000000000000000 0.000000000000000000 0.000000000000000000 1 0.000000000000000000
neuron 1 0.000000000000000000 0.000000000000000000 0.000000000000000000 0.000000000000000000 1 0.000000000000000000
neuron 1 0.000000000000000000 0.000000000000000000 0.000000000000000000 0.000000000000000000 1 0.000000000000000000
neuron 1 0.000000000000000000 0.000000000000000000 0.000000000000000000 0.000000000000000000 1 0.000000000000000000
neuron 1 0.000000000000000000 0.000000000000000000 0.000000000000000000 0.000000000000000000 1 0.000000000000000000
neuron 1 0.000000000000000000 0.000000000000000000 0.000000000000000000 0.000000000000000000 1 0.000000000000000000
neuron 1 0.000000000000000000 0.000000000000000000 0.000000000000000000 0.000000000000000000 1 0.000000000000000000
neuron 1 0.000000000000000000 0.000000000000000000 0.000000000000000000 0.000000000000000000 1 0.000000000000000000
neuron 1 0.000000000000000000 0.000000000000000000 0.000000000000000000 0.000000000000000000 1 0.000000000000000000
neuron 1 0.000000000000000000 0.000000000000000000 0.000000000000000000 0.000000000000000000 1 0.000000000000000000
neuron 1 0.000000000000000000 0.000000000000000000 0.000000000000000000 0.000000000000000000 1 0.000000000000000000
neuron 1 0.000000000000000000 0.000000000000000000 0.000000000000000000 0.000000000000000000 1 0.000000000000000000
neuron 1 0.000000000000000000 0.000000000000000000 0.000000000000000000 0.000000000000000000 1 0.000000000000000000
neuron 1 0.000000000000000000 0.000000000000000000 0.000000000000000000 0.000000000000000000 1 0.000000000000000000
neuron 1 0.000000000000000000 0.000000000000000000 0.000000000000000000 0.000000000000000000 1 0.000000000000000000
neuron 1 0.000000000000000000 0.000000000000000000 0.000000000000000000 0.000000000000000000 1 0.000000000000000000
neuron 2 0.000000000000000000 0.000000000000000000 0.000000000000000000 0.000000000000000000 1 0.000000000000000000
neuron 4 1.000000000000000000 0.000000000000000000 0.000000000000000000 0.000000000000000000 1 1.000000000000000000
neuron 4 1.000000000000000000 0.000000000000000000 0.000000000000000000 0.000000000000000000 1 1.000000000000000000
neuron 4 1.000000000000000000 0.000000000000000000 0.000000000000000000 0.000000000000000000 1 1.000000000000000000
neuron 4 1.000000000000000000 0.000000000000000000 0.000000000000000000 0.000000000000000000 1 1.000000000000000000
neuron 4 1.000000000000000000 0.000000000000000000 0.000000000000000000 0.000000000000000000 1 1.000000000000000000
neuron 3 1.000000000000000000 0.000000000000000000 0.000000000000000000 0.000000000000000000 1 0.500000000000000000
neuron 3 1.000000000000000000 0.000000000000000000 0.000000000000000000 0.000000000000000000 1 0.500000000000000000
neuron 3 1.000000000000000000 0.000000000000000000 0.000000000000000000 0.000000000000000000 1 0.500000000000000000
neuron 3 1.000000000000000000 0.000000000000000000 0.000000000000000000 0.000000000000000000 1 0.500000000000000000
neuron 3 1.000000000000000000 0.000000000000000000 0.000000000000000000 0.000000000000000000 1 0.500000000000000000
neuron 3 1.000000000000000000 0.000000000000000000 0.000000000000000000 0.000000000000000000 1 0.500000000000000000
neuron 3 1.000000000000000000 0.000000000000000000 0.000000000000000000 0.000000000000000000 1 0.500000000000000000
neuron 3 1.000000000000000000 0.000000000000000000 0.000000000000000000 0.000000000000000000 1 0.500000000000000000
neuron 3 1.000000000000000000 0.000000000000000000 0.000000000000000000 0.000000000000000000 1 0.500000000000000000
neuron 3 1.000000000000000000 0.000000000000000000 0.000000000000000000 0.000000000000000000 1 0.500000000000000000
neuron 3 1.000000000000000000 0.000000000000000000 0.000000000000000000 0.000000000000000000 1 0.750000000000000000
neuron 3 1.000000000000000000 0.000000000000000000 0.000000000000000000 0.000000000000000000 1 0.750000000000000000
neuron 3 1.000000000000000000 0.000000000000000000 0.000000000000000000 0.000000000000000000 1 0.250000000000000000
neuron 3 1.000000000000000000 0.000000000000000000 0.000000000000000000 0.000000000000000000 2 0.250000000000000000
neuron 3 1.000000000000000000 0.000000000000000000 0.000000000000000000 0.000000000000000000 1 0.250000000000000000
neuron 3 1.000000000000000000 0.000000000000000000 0.000000000000000000 0.000000000000000000 1 0.250000000000000000
neuron 3 1.000000000000000000 0.000000000000000000 0.000000000000000000 0.000000000000000000 1 0.250000000000000000
neuron 3 1.000000000000000000 0.000000000000000000 0.000000000000000000 0.000000000000000000 1 0.250000000000000000
neuron 3 1.000000000000000000 0.000000000000000000 0.000000000000000000 0.000000000000000000 1 0.250000000000000000
neuron 3 1.000000000000000000 0.000000000000000000 0.000000000000000000 0.000000000000000000 1 0.250000000000000000
neuron 3 1.000000000000000000 0.000000000000000000 0.000000000000000000 0.000000000000000000 1 0.250000000000000000
neuron 3 1.000000000000000000 0.000000000000000000 0.000000000000000000 0.000000000000000000 1 0.750000000000000000
neuron 3 1.000000000000000000 0.000000000000000000 0.000000000000000000 0.000000000000000000 2 0.250000000000000000
neuron 3 1.000000000000000000 0.000000000000000000 0.000000000000000000 0.000000000000000000 1 0.250000000000000000
neuron 3 1.000000000000000000 0.000000000000000000 0.000000000000000000 0.000000000000000000 1 0.250000000000000000
neuron 3 1.000000000000000000 0.000000000000000000 0.000000000000000000 0.000000000000000000 1 0.750000000000000000
neuron 3 1.000000000000000000 0.000000000000000000 0.000000000000000000 0.000000000000000000 1 0.250000000000000000
neuron 3 1.000000000000000000 0.000000000000000000 0.000000000000000000 0.000000000000000000 4 0.250000000000000000
neuron 3 1.000000000000000000 0.000000000000000000 0.000000000000000000 0.000000000000000000 1 0.250000000000000000
neuron 3 1.000000000000000000 0.000000000000000000 0.000000000000000000 0.000000000000000000 4 0.250000000000000000
neuron 3 1.000000000000000000 0.000000000000000000 0.000000000000000000 0.000000000000000000 4 0.250000000000000000
neuron 3 1.000000000000000000 0.000000000000000000 0.000000000000000000 0.000000000000000000 1 0.750000000000000000
neuron 3 1.000000000000000000 0.000000000000000000 0.000000000000000000 0.000000000000000000 4 0.250000000000000000
neuron 3 1.000000000000000000 0.000000000000000000 0.000000000000000000 0.000000000000000000 1 0.250000000000000000
neuron 3 1.000000000000000000 0.000000000000000000 0.000000000000000000 0.000000000000000000 1 0.250000000000000000
neuron 3 1.000000000000000000 0.000000000000000000 0.000000000000000000 0.000000000000000000 1 0.750000000000000000
neuron 3 1.000000000000000000 0.000000000000000000 0.000000000000000000 0.000000000000000000 1 0.250000000000000000
neuron 3 1.000000000000000000 0.000000000000000000 0.000000000000000000 0.000000000000000000 4 0.375000000000000000
neuron 3 1.000000000000000000 0.000000000000000000 0.000000000000000000 0.000000000000000000 1 0.250000000000000000
connection 0 53 -2.331268420908600092 0 0.299999999999999989 0.100000000000000006
connection 2 53 1.647081114293541759 0 0.299999999999999989 0.100000000000000006
connection 3 53 -1.984930099686607718 0 0.299999999999999989 0.100000000000000006
connection 4 53 0.476452557370066643 0 0.299999999999999989 0.100000000000000006
connection 5 53 -1.040146245504729450 0 0.299999999999999989 0.100000000000000006
connection 6 53 2.593443203077185899 0 0.299999999999999989 0.100000000000000006
connection 7 53 4.343154692789539695 0 0.299999999999999989 0.100000000000000006
connection 9 53 0.346394645166583359 0 0.299999999999999989 0.100000000000000006
connection 10 53 0.960244042333215475 0 0.299999999999999989 0.100000000000000006
connection 12 53 -1.629082577419467270 0 0.299999999999999989 0.100000000000000006
connection 13 53 -0.479809766169637442 0 0.299999999999999989 0.100000000000000006
connection 14 53 -1.749000228574914217 0 0.299999999999999989 0.100000000000000006
connection 15 53 4.879768651335325558 0 0.299999999999999989 0.100000000000000006
connection 16 53 -0.308254311559721828 0 0.299999999999999989 0.100000000000000006
connection 17 53 1.535048452933551744 0 0.299999999999999989 0.100000000000000006
connection 18 53 -0.448895287187497161 0 0.299999999999999989 0.100000000000000006
connection 20 53 0.218236985499970615 0 0.299999999999999989 0.100000000000000006
connection 21 53 1.413186120509635657 0 0.299999999999999989 0.100000000000000006
connection 22 53 -1.824212755425833166 0 0.299999999999999989 0.100000000000000006
connection 24 53 3.771671777922165347 0 0.299999999999999989 0.100000000000000006
connection 26 53 -2.951088199421064928 0 0.299999999999999989 0.100000000000000006
connection 27 53 -0.476628310512751341 0 0.299999999999999989 0.100000000000000006
connection 28 53 -0.541272594826295972 0 0.299999999999999989 0.100000000000000006
connection 29 53 2.539399284840328619 0 0.299999999999999989 0.100000000000000006
connection 30 53 1.065968104056082666 0 0.299999999999999989 0.100000000000000006
connection 31 53 -0.671661230735480785 0 0.299999999999999989 0.100000000000000006
connection 32 53 0.628952304949052632 0 0.299999999999999989 0.100000000000000006
connection 33 53 -0.782833821955136955 0 0.299999999999999989 0.100000000000000006
connection 34 53 -0.017440342751797289 0 0.299999999999999989 0.100000000000000006
connection 35 53 0.541990175144746900 0 0.299999999999999989 0.100000000000000006
connection 36 53 0.120582287665456533 0 0.299999999999999989 0.100000000000000006
connection 38 53 -0.001590777654200792 0 0.299999999999999989 0.100000000000000006
connection 39 53 1.236443847650662065 0 0.299999999999999989 0.100000000000000006
connection 40 53 0.669219577059266157 0 0.299999999999999989 0.100000000000000006
connection 42 53 -0.185459724627435207 0 0.299999999999999989 0.100000000000000006
connection 43 53 -0.862581437919288874 0 0.299999999999999989 0.100000000000000006
connection 45 53 -0.266215792886214331 0 0.299999999999999989 0.100000000000000006
connection 46 53 1.102276099016307853 0 0.299999999999999989 0.100000000000000006
connection 47 53 -0.982035827008076012 0 0.299999999999999989 0.100000000000000006
connection 0 54 -0.865343729383312166 0 0.299999999999999989 0.100000000000000006
connection 1 54 4.326003072317689657 0 0.299999999999999989 0.100000000000000006
connection 2 54 0.620378569001331925 0 0.299999999999999989 0.100000000000000006
connection 3 54 0.596620528376661241 0 0.299999999999999989 0.100000000000000006
connection 4 54 1.159063731436617672 0 0.299999999999999989 0.100000000000000006
connection 5 54 -2.267891845200210810 0 0.299999999999999989 0.100000000000000006
connection 6 54 2.356717727059731260 0 0.299999999999999989 0.100000000000000006
connection 7 54 2.163599365041591227 0 0.299999999999999989 0.100000000000000006
connection 8 54 -0.950317300390452147 0 0.299999999999999989 0.100000000000000006
connection 9 54 -1.297787743154913187 0 0.299999999999999989 0.100000000000000006
connection 10 54 -0.669197774608619511 0 0.299999999999999989 0.100000000000000006
connection 11 54 0.370239927331567742 0 0.299999999999999989 0.100000000000000006
connection 12 54 -4.101815785286817118 0 0.299999999999999989 0.100000000000000006
connection 13 54 -1.271280889399349689 0 0.299999999999999989 0.100000000000000006
connection 14 54 -0.898307828232645988 0 0.299999999999999989 0.100000000000000006
connection 15 54 -3.389182675222400576 0 0.299999999999999989 0.100000000000000006
connection 16 54 3.822638468845980242 0 0.299999999999999989 0.100000000000000006
connection 17 54 2.003801214043051004 0 0.299999999999999989 0.100000000000000006
connection 18 54 0.119409350460045971 0 0.299999999999999989 0.100000000000000006
connection 19 54 3.127485776378307492 0 0.299999999999999989 0.100000000000000006
connection 20 54 -0.401783417331898818 0 0.299999999999999989 0.100000000000000006
connection 22 54 -1.499080945102832629 0 0.299999999999999989 0.100000000000000006
connection 23 54 -2.294297992073552450 0 0.299999999999999989 0.100000000000000006
connection 24 54 -0.710443075280636549 0 0.299999999999999989 0.100000000000000006
connection 25 54 -2.249503062339499593 0 0.299999999999999989 0.100000000000000006
connection 26 54 -0.803268391522578895 0 0.299999999999999989 0.100000000000000006
connection 27 54 -0.965225830470444635 0 0.299999999999999989 0.100000000000000006
connection 28 54 -0.056125506147509441 0 0.299999999999999989 0.100000000000000006
connection 29 54 -0.947538034175522625 0 0.299999999999999989 0.100000000000000006
connection 30 54 -1.533694926416501403 0 0.299999999999999989 0.100000000000000006
connection 31 54 0.522362672112649307 0 0.299999999999999989 0.100000000000000006
connection 33 54 -0.207416326156817377 0 0.299999999999999989 0.100000000000000006
connection 34 54 -2.291000962926773354 0 0.299999999999999989 0.100000000000000006
connection 35 54 -1.786289938789195730 0 0.299999999999999989 0.100000000000000006
connection 36 54 0.322175304987467825 0 0.299999999999999989 0.100000000000000006
connection 37 54 0.601797486247960478 0 0.299999999999999989 0.100000000000000006
connection 38 54 3.329060981079237536 0 0.299999999999999989 0.100000000000000006
connection 39 54 0.066175640793517232 0 0.299999999999999989 0.100000000000000006
connection 40 54 -0.433884795638732612 0 0.299999999999999989 0.100000000000000006
connection 41 54 1.725932266490417533 0 0.299999999999999989 0.100000000000000006
connection 42 54 -0.099545338540337980 0 0.299999999999999989 0.100000000000000006
connection 43 54 -2.096292562753660604 0 0.299999999999999989 0.100000000000000006
connection 44 54 -0.864324461319483817 0 0.299999999999999989 0.100000000000000006
connection 45 54 1.113452123885508627 0 0.299999999999999989 0.100000000000000006
connection 46 54 3.022540497535374016 0 0.299999999999999989 0.100000000000000006
connection 47 54 -0.624263727106153965 0 0.299999999999999989 0.100000000000000006
connection 0 55 -0.037705058464780450 0 0.299999999999999989 0.100000000000000006
connection 1 55 0.360037632286548615 0 0.299999999999999989 0.100000000000000006
connection 2 55 1.745908251090440899 0 0.299999999999999989 0.100000000000000006
connection 3 55 1.915324349072761834 0 0.299999999999999989 0.100000000000000006
connection 4 55 3.156562933276291005 0 0.299999999999999989 0.100000000000000006
connection 5 55 -1.782563399989157915 0 0.299999999999999989 0.100000000000000006
connection 6 55 -0.445052241324447095 0 0.299999999999999989 0.100000000000000006
connection 7 55 -1.094763246248476207 0 0.299999999999999989 0.100000000000000006
connection 8 55 -1.375189495389349759 0 0.299999999999999989 0.100000000000000006
connection 9 55 -0.090223960811272264 0 0.299999999999999989 0.100000000000000006
connection 11 55 1.651613160502165556 0 0.299999999999999989 0.100000000000000006
connection 12 55 0.128028425388038158 0 0.299999999999999989 0.100000000000000006
connection 13 55 1.867746481570065953 0 0.299999999999999989 0.100000000000000006
connection 14 55 -2.070598699181573465 0 0.299999999999999989 0.100000000000000006
connection 15 55 0.310904963524080813 0 0.299999999999999989 0.100000000000000006
connection 16 55 -1.534630643291166052 0 0.299999999999999989 0.100000000000000006
connection 17 55 -0.339659628225490451 0 0.299999999999999989 0.100000000000000006
connection 18 55 1.133754392387345433 0 0.299999999999999989 0.100000000000000006
connection 19 55 -0.479853936936706305 0 0.299999999999999989 0.100000000000000006
connection 20 55 -0.586423383560031652 0 0.299999999999999989 0.100000000000000006
connection 21 55 -0.989482134522404522 0 0.299999999999999989 0.100000000000000006
connection 22 55 -0.673189850058406591 0 0.299999999999999989 0.100000000000000006
connection 23 55 0.107350954553112388 0 0.299999999999999989 0.100000000000000006
connection 24 55 -1.627331043418962508 0 0.299999999999999989 0.100000000000000006
connection 25 55 3.625394503113056999 0 0.299999999999999989 0.100000000000000006
connection 26 55 -0.751851730747148395 0 0.299999999999999989 0.100000000000000006
connection 27 55 0.389702539541758597 0 0.299999999999999989 0.100000000000000006
connection 28 55 1.142789985635317862 0 0.299999999999999989 0.100000000000000006
connection 29 55 1.347743679070845246 0 0.299999999999999989 0.100000000000000006
connection 30 55 0.242949009465519339 0 0.299999999999999989 0.100000000000000006
connection 31 55 -1.091639445279724896 0 0.299999999999999989 0.100000000000000006
connection 32 55 2.122810655506327748 0 0.299999999999999989 0.100000000000000006
connection 34 55 -0.780787477968260646 0 0.299999999999999989 0.100000000000000006
connection 35 55 0.554085457231849432 0 0.299999999999999989 0.100000000000000006
connection 36 55 -1.204329487401992083 0 0.299999999999999989 0.100000000000000006
connection 37 55 2.262973593475180678 0 0.299999999999999989 0.100000000000000006
connection 38 55 -1.612954697542591020 0 0.299999999999999989 0.100000000000000006
connection 39 55 1.669843144452897832 0 0.299999999999999989 0.100000000000000006
connection 40 55 1.148280971276108176 0 0.299999999999999989 0.100000000000000006
connection 42 55 0.821612880565226078 0 0.299999999999999989 0.100000000000000006
connection 43 55 2.509853786832536571 0 0.299999999999999989 0.100000000000000006
connection 44 55 1.184239494905341417 0 0.299999999999999989 0.100000000000000006
connection 45 55 2.265872730931732804 0 0.299999999999999989 0.100000000000000006
connection 47 55 0.970843482980853878 0 0.299999999999999989 0.100000000000000006
connection 0 56 -0.075723906280472875 0 0.299999999999999989 0.100000000000000006
connection 1 56 1.176855757716111839 0 0.299999999999999989 0.100000000000000006
connection 2 56 -0.711220882833003998 0 0.299999999999999989 0.100000000000000006
connection 3 56 -0.896433118366985582 0 0.299999999999999989 0.100000000000000006
connection 4 56 -0.267190395570651162 0 0.299999999999999989 0.100000000000000006
connection 5 56 1.003985377028584480 0 0.299999999999999989 0.100000000000000006
connection 6 56 -0.848582789476495236 0 0.299999999999999989 0.100000000000000006
connection 7 56 1.211540502961724997 0 0.299999999999999989 0.100000000000000006
connection 8 56 0.607204210711643100 0 0.299999999999999989 0.100000000000000006
connection 9 56 1.685610151966102421 0 0.299999999999999989 0.100000000000000006
connection 10 56 -0.124565619160421193 0 0.299999999999999989 0.100000000000000006
connection 11 56 4.015253553923685104 0 0.299999999999999989 0.100000000000000006
connection 12 56 0.882894335198216140 0 0.299999999999999989 0.100000000000000006
connection 13 56 0.928635704389307648 0 0.299999999999999989 0.100000000000000006
connection 14 56 -0.823836624622344971 0 0.299999999999999989 0.100000000000000006
connection 15 56 -0.971268768073059618 0 0.299999999999999989 0.100000000000000006
connection 16 56 0.326652905670925975 0 0.299999999999999989 0.100000000000000006
connection 17 56 1.393781286431476474 0 0.299999999999999989 0.100000000000000006
connection 18 56 -0.425266342703253031 0 0.299999999999999989 0.100000000000000006
connection 19 56 -1.055603216402232647 0 0.299999999999999989 0.100000000000000006
connection 20 56 0.751900606323033571 0 0.299999999999999989 0.100000000000000006
connection 21 56 1.153610536666747066 0 0.299999999999999989 0.100000000000000006
connection 22 56 -2.122666701790876687 0 0.299999999999999989 0.100000000000000006
connection 23 56 1.212049928144551814 0 0.299999999999999989 0.100000000000000006
connection 24 56 0.538117802236229181 0 0.299999999999999989 0.100000000000000006
connection 26 56 -1.355167733912821859 0 0.299999999999999989 0.100000000000000006
connection 28 56 -1.190930418553762138 0 0.299999999999999989 0.100000000000000006
connection 29 56 1.005579973007115768 0 0.299999999999999989 0.100000000000000006
connection 30 56 -3.423080341017339379 0 0.299999999999999989 0.100000000000000006
connection 31 56 1.649189182789996266 0 0.299999999999999989 0.100000000000000006
connection 32 56 0.553650425921659917 0 0.299999999999999989 0.100000000000000006
connection 33 56 -0.313238400383852422 0 0.299999999999999989 0.100000000000000006
connection 34 56 0.362292206380516291 0 0.299999999999999989 0.100000000000000006
connection 35 56 0.116341208253288642 0 0.299999999999999989 0.100000000000000006
connection 36 56 0.956386874429881573 0 0.299999999999999989 0.100000000000000006
connection 37 56 -2.072575740545289591 0 0.299999999999999989 0.100000000000000006
connection 38 56 2.667178029761998914 0 0.299999999999999989 0.100000000000000006
connection 39 56 2.369013128307415172 0 0.299999999999999989 0.100000000000000006
connection 40 56 0.747150973023963161 0 0.299999999999999989 0.100000000000000006
connection 41 56 0.640777886801515706 0 0.299999999999999989 0.100000000000000006
connection 42 56 -1.257667907746508718 0 0.299999999999999989 0.100000000000000006
connection 43 56 2.801873127311409917 0 0.299999999999999989 0.100000000000000006
connection 44 56 0.267882569751236588 0 0.299999999999999989 0.100000000000000006
connection 45 56 -0.494068649713881314 0 0.299999999999999989 0.100000000000000006
connection 46 56 0.464966761646792293 0 0.299999999999999989 0.100000000000000006
connection 47 56 0.338136020582169294 0 0.299999999999999989 0.100000000000000006
connection 0 57 0.320741581264883280 0 0.299999999999999989 0.100000000000000006
connection 1 57 0.821679720073007047 0 0.299999999999999989 0.100000000000000006
connection 2 57 -0.731041880091652274 0 0.299999999999999989 0.100000000000000006
connection 3 57 1.086217960692010820 0 0.299999999999999989 0.100000000000000006
connection 4 57 1.288338033482432365 0 0.299999999999999989 0.100000000000000006
connection 5 57 -0.241039183922111988 0 0.299999999999999989 0.100000000000000006
connection 6 57 1.136227267095819116 0 0.299999999999999989 0.100000000000000006
connection 7 57 -0.945156392641365528 0 0.299999999999999989 0.100000000000000006
connection 8 57 -0.240047133674124780 0 0.299999999999999989 0.100000000000000006
connection 9 57 0.285903401614632457 0 0.299999999999999989 0.100000000000000006
connection 10 57 -0.307720114360563457 0 0.299999999999999989 0.100000000000000006
connection 12 57 -0.657647594634909183 0 0.299999999999999989 0.100000000000000006
connection 13 57 0.669321546796709299 0 0.299999999999999989 0.100000000000000006
connection 14 57 -0.583891781847341917 0 0.299999999999999989 0.100000000000000006
connection 15 57 -0.233736357651650906 0 0.299999999999999989 0.100000000000000006
connection 17 57 -1.519982993311714381 0 0.299999999999999989 0.100000000000000006
connection 18 57 2.713038381785736419 0 0.299999999999999989 0.100000000000000006
connection 19 57 -0.790932096308097243 0 0.299999999999999989 0.100000000000000006
connection 20 57 3.388921466539613903 0 0.299999999999999989 0.100000000000000006
connection 22 57 -0.262737018099869601 0 0.299999999999999989 0.100000000000000006
connection 23 57 0.515734037151560187 0 0.299999999999999989 0.100000000000000006
connection 24 57 -2.806417411076836288 0 0.299999999999999989 0.100000000000000006
connection 25 57 1.049260220956057310 0 0.299999999999999989 0.100000000000000006
connection 26 57 -0.407346960768336430 0 0.299999999999999989 0.100000000000000006
connection 28 57 0.981207913529942743 0 0.299999999999999989 0.100000000000000006
connection 29 57 -1.254754977358970791 0 0.299999999999999989 0.100000000000000006
connection 31 57 0.131607106246519834 0 0.299999999999999989 0.100000000000000006
connection 32 57 0.586745353648439050 0 0.299999999999999989 0.100000000000000006
connection 33 57 -2.514361860085045919 0 0.299999999999999989 0.100000000000000006
connection 34 57 0.244437127708806656 0 0.299999999999999989 0.100000000000000006
connection 35 57 0.420477932267203869 0 0.299999999999999989 0.100000000000000006
connection 36 57 -2.431488786256522872 0 0.299999999999999989 0.100000000000000006
connection 37 57 1.387082928296877071 0 0.299999999999999989 0.100000000000000006
connection 38 57 -0.861054737586528063 0 0.299999999999999989 0.100000000000000006
connection 39 57 1.240494327154010534 0 0.299999999999999989 0.100000000000000006
connection 40 57 0.685312697431072593 0 0.299999999999999989 0.100000000000000006
connection 41 57 0.601560736540704966 0 0.299999999999999989 0.100000000000000006
connection 42 57 1.247448167414404452 0 0.299999999999999989 0.100000000000000006
connection 43 57 -0.686845432152040303 0 0.299999999999999989 0.100000000000000006
connection 44 57 -0.297092402703128755 0 0.299999999999999989 0.100000000000000006
connection 45 57 -0.293402217095717788 0 0.299999999999999989 0.100000000000000006
connection 46 57 -0.506543531315401196 0 0.299999999999999989 0.100000000000000006
connection 47 57 -1.069448469846975058 0 0.299999999999999989 0.100000000000000006
connection 0 58 0.455593596823746338 0 0.299999999999999989 0.100000000000000006
connection 1 58 0.767314704891759902 0 0.299999999999999989 0.100000000000000006
connection 2 58 1.390576224774122238 0 0.299999999999999989 0.100000000000000006
connection 3 58 3.823243212726083584 0 0.299999999999999989 0.100000000000000006
connection 4 58 0.427877211099257693 0 0.299999999999999989 0.100000000000000006
connection 5 58 -1.849062038585543633 0 0.299999999999999989 0.100000000000000006
connection 6 58 1.431562643381766975 0 0.299999999999999989 0.100000000000000006
connection 7 58 -5.110595398233272135 0 0.299999999999999989 0.100000000000000006
connection 8 58 1.334394616424106061 0 0.299999999999999989 0.100000000000000006
connection 9 58 1.399265291067422368 0 0.299999999999999989 0.100000000000000006
connection 10 58 -0.810463501838967204 0 0.299999999999999989 0.100000000000000006
connection 11 58 1.795123071147827432 0 0.299999999999999989 0.100000000000000006
connection 12 58 -0.498750722210388631 0 0.299999999999999989 0.100000000000000006
connection 13 58 -1.361613779386971146 0 0.299999999999999989 0.100000000000000006
connection 14 58 -1.013606204884126782 0 0.299999999999999989 0.100000000000000006
connection 15 58 0.433746720016642939 0 0.299999999999999989 0.100000000000000006
connection 16 58 -1.254125982173718512 0 0.299999999999999989 0.100000000000000006
connection 17 58 0.247664805036038160 0 0.299999999999999989 0.100000000000000006
connection 18 58 -4.331394909182563424 0 0.299999999999999989 0.100000000000000006
connection 19 58 -0.804010999701858964 0 0.299999999999999989 0.100000000000000006
connection 20 58 -0.950454724952578545 0 0.299999999999999989 0.100000000000000006
connection 21 58 3.238366102334111929 0 0.299999999999999989 0.100000000000000006
connection 22 58 0.145033117383718491 0 0.299999999999999989 0.100000000000000006
connection 23 58 -0.855921782989753410 0 0.299999999999999989 0.100000000000000006
connection 24 58 -0.452566214138641953 0 0.299999999999999989 0.100000000000000006
connection 25 58 -0.385166665568249300 0 0.299999999999999989 0.100000000000000006
connection 26 58 0.546577332075685263 0 0.299999999999999989 0.100000000000000006
connection 27 58 -1.048650874639861286 0 0.299999999999999989 0.100000000000000006
connection 28 58 1.926947007596027106 0 0.299999999999999989 0.100000000000000006
connection 29 58 -4.090461676794802770 0 0.299999999999999989 0.100000000000000006
connection 30 58 -1.287534307921305299 0 0.299999999999999989 0.100000000000000006
connection 31 58 -0.883772508590482175 0 0.299999999999999989 0.100000000000000006
connection 32 58 3.326494447479490191 0 0.299999999999999989 0.100000000000000006
connection 33 58 -1.350453761719109025 0 0.299999999999999989 0.100000000000000006
connection 34 58 1.634910933047649451 0 0.299999999999999989 0.100000000000000006
connection 35 58 5.027775587572250515 0 0.299999999999999989 0.100000000000000006
connection 36 58 0.484272182337008417 0 0.299999999999999989 0.100000000000000006
connection 37 58 -2.370738206849637209 0 0.299999999999999989 0.100000000000000006
connection 39 58 -0.638543676352128386 0 0.299999999999999989 0.100000000000000006
connection 40 58 -2.035939445369876921 0 0.299999999999999989 0.100000000000000006
connection 41 58 0.236716079059988260 0 0.299999999999999989 0.100000000000000006
connection 42 58 0.377124398539308459 0 0.299999999999999989 0.100000000000000006
connection 43 58 1.775882990681566298 0 0.299999999999999989 0.100000000000000006
connection 44 58 1.866118325560819358 0 0.299999999999999989 0.100000000000000006
connection 45 58 0.055529668694362044 0 0.299999999999999989 0.100000000000000006
connection 47 58 0.472808263031765819 0 0.299999999999999989 0.100000000000000006
connection 0 59 -0.459445320342183550 0 0.299999999999999989 0.100000000000000006
connection 1 59 -2.068267553244368173 0 0.299999999999999989 0.100000000000000006
connection 2 59 5.773628267139429227 0 0.299999999999999989 0.100000000000000006
connection 3 59 -1.102073996606122819 0 0.299999999999999989 0.100000000000000006
connection 4 59 -1.742945885118388105 0 0.299999999999999989 0.100000000000000006
connection 5 59 -3.147636073612375185 0 0.299999999999999989 0.100000000000000006
connection 6 59 -0.443862360792991240 0 0.299999999999999989 0.100000000000000006
connection 7 59 1.999960035522235557 0 0.299999999999999989 0.100000000000000006
connection 8 59 0.282594344404060394 0 0.299999999999999989 0.100000000000000006
connection 9 59 2.826861914712935686 0 0.299999999999999989 0.100000000000000006
connection 10 59 -2.769346454209880903 0 0.299999999999999989 0.100000000000000006
connection 11 59 1.639475504634901881 0 0.299999999999999989 0.100000000000000006
connection 12 59 -0.523033554927678779 0 0.299999999999999989 0.100000000000000006
connection 13 59 0.652969928341917694 0 0.299999999999999989 0.100000000000000006
connection 14 59 -0.469152938108891249 0 0.299999999999999989 0.100000000000000006
connection 15 59 -1.759424833115190268 0 0.299999999999999989 0.100000000000000006
connection 16 59 -5.875921118553378619 0 0.299999999999999989 0.100000000000000006
connection 17 59 -0.858428388601168990 0 0.299999999999999989 0.100000000000000006
connection 18 59 3.175799838280909171 0 0.299999999999999989 0.100000000000000006
connection 19 59 0.450925907469354570 0 0.299999999999999989 0.100000000000000006
connection 21 59 -0.688116215926129371 0 0.299999999999999989 0.100000000000000006
connection 22 59 -0.472810302511788905 0 0.299999999999999989 0.100000000000000006
connection 23 59 0.404902203648816794 0 0.299999999999999989 0.100000000000000006
connection 25 59 -0.091802036971785128 0 0.299999999999999989 0.100000000000000006
connection 26 59 0.477057595737278461 0 0.299999999999999989 0.100000000000000006
connection 27 59 -0.804793832474388182 0 0.299999999999999989 0.100000000000000006
connection 28 59 0.359528635046444833 0 0.299999999999999989 0.100000000000000006
connection 29 59 0.511046649422496557 0 0.299999999999999989 0.100000000000000006
connection 30 59 -1.401775197678944096 0 0.299999999999999989 0.100000000000000006
connection 31 59 -0.987700590630993247 0 0.299999999999999989 0.100000000000000006
connection 32 59 1.936427437467500567 0 0.299999999999999989 0.100000000000000006
connection 33 59 -0.637250047060661018 0 0.299999999999999989 0.100000000000000006
connection 34 59 -1.723572961625905009 0 0.299999999999999989 0.100000000000000006
connection 35 59 -1.781737129560497124 0 0.299999999999999989 0.100000000000000006
connection 36 59 -3.018259937642142177 0 0.299999999999999989 0.100000000000000006
connection 37 59 -1.517523470334708691 0 0.299999999999999989 0.100000000000000006
connection 38 59 -4.494479832908837125 0 0.299999999999999989 0.100000000000000006
connection 39 59 2.363271427515428513 0 0.299999999999999989 0.100000000000000006
connection 40 59 1.304150051975739188 0 0.299999999999999989 0.100000000000000006
connection 41 59 -1.915209083483205177 0 0.299999999999999989 0.100000000000000006
connection 42 59 1.655101058233412914 0 0.299999999999999989 0.100000000000000006
connection 43 59 -1.637778624644852243 0 0.299999999999999989 0.100000000000000006
connection 44 59 0.038400088204070926 0 0.299999999999999989 0.100000000000000006
connection 45 59 0.443314939868287183 0 0.299999999999999989 0.100000000000000006
connection 46 59 1.444969018455594778 0 0.299999999999999989 0.100000000000000006
connection 47 59 0.100067300139926374 0 0.299999999999999989 0.100000000000000006
connection 0 60 -1.374625268625095487 0 0.299999999999999989 0.100000000000000006
connection 1 60 0.512656614650040865 0 0.299999999999999989 0.100000000000000006
connection 2 60 -0.183611901709809899 0 0.299999999999999989 0.100000000000000006
connection 3 60 -0.663161730393767357 0 0.299999999999999989 0.100000000000000006
connection 4 60 1.616524149547331035 0 0.299999999999999989 0.100000000000000006
connection 5 60 -2.007083142263581976 0 0.299999999999999989 0.100000000000000006
connection 6 60 1.144395995332160965 0 0.299999999999999989 0.100000000000000006
connection 7 60 -1.464601274929009378 0 0.299999999999999989 0.100000000000000006
connection 8 60 0.083947560229717055 0 0.299999999999999989 0.100000000000000006
connection 9 60 -0.235060729086399078 0 0.299999999999999989 0.100000000000000006
connection 10 60 1.370234960470043006 0 0.299999999999999989 0.100000000000000006
connection 11 60 -0.495964614878175780 0 0.299999999999999989 0.100000000000000006
connection 12 60 1.537360106507549062 0 0.299999999999999989 0.100000000000000006
connection 13 60 -0.025293436367064714 0 0.299999999999999989 0.100000000000000006
connection 14 60 0.439740177185740322 0 0.299999999999999989 0.100000000000000006
connection 15 60 1.674339507735567167 0 0.299999999999999989 0.100000000000000006
connection 16 60 0.682371918694116175 0 0.299999999999999989 0.100000000000000006
connection 17 60 -0.387316951877437532 0 0.299999999999999989 0.100000000000000006
connection 18 60 -1.194976158847566694 0 0.299999999999999989 0.100000000000000006
connection 19 60 -0.116914788028225303 0 0.299999999999999989 0.100000000000000006
connection 21 60 0.703564517665654421 0 0.299999999999999989 0.100000000000000006
connection 22 60 -0.465824799175607041 0 0.299999999999999989 0.100000000000000006
connection 23 60 0.242607562569901347 0 0.299999999999999989 0.100000000000000006
connection 24 60 0.123138421215116978 0 0.299999999999999989 0.100000000000000006
connection 25 60 1.613987320277374238 0 0.299999999999999989 0.100000000000000006
connection 26 60 1.333777282387018204 0 0.299999999999999989 0.100000000000000006
connection 27 60 0.407802913672639988 0 0.299999999999999989 0.100000000000000006
connection 28 60 -0.720337040722370148 0 0.299999999999999989 0.100000000000000006
connection 29 60 -1.200336351583246142 0 0.299999999999999989 0.100000000000000006
connection 30 60 0.159893672098405659 0 0.299999999999999989 0.100000000000000006
connection 32 60 -1.328243682859465480 0 0.299999999999999989 0.100000000000000006
connection 33 60 -0.836839184165000916 0 0.299999999999999989 0.100000000000000006
connection 34 60 -0.390149538405239582 0 0.299999999999999989 0.100000000000000006
connection 35 60 0.460741753224283457 0 0.299999999999999989 0.100000000000000006
connection 36 60 -4.578386520617641509 0 0.299999999999999989 0.100000000000000006
connection 37 60 1.510636892562615685 0 0.299999999999999989 0.100000000000000006
connection 38 60 -0.455406717723235488 0 0.299999999999999989 0.100000000000000006
connection 39 60 2.156051990226842463 0 0.299999999999999989 0.100000000000000006
connection 41 60 -0.699413158115930855 0 0.299999999999999989 0.100000000000000006
connection 42 60 0.437231087829786702 0 0.299999999999999989 0.100000000000000006
connection 43 60 -0.418879768694750965 0 0.299999999999999989 0.100000000000000006
connection 44 60 0.633482265751808882 0 0.299999999999999989 0.100000000000000006
connection 45 60 1.681005490128882229 0 0.299999999999999989 0.100000000000000006
connection 46 60 -1.805338298338028835 0 0.299999999999999989 0.100000000000000006
connection 47 60 -0.662583775934763253 0 0.299999999999999989 0.100000000000000006
connection 0 61 2.880315017129760236 0 0.299999999999999989 0.100000000000000006
connection 1 61 -0.550439262820873410 0 0.299999999999999989 0.100000000000000006
connection 2 61 -1.754556701984256506 0 0.299999999999999989 0.100000000000000006
connection 3 61 0.728277679532766342 0 0.299999999999999989 0.100000000000000006
connection 4 61 1.306667703203856945 0 0.299999999999999989 0.100000000000000006
connection 5 61 0.415093005169183016 0 0.299999999999999989 0.100000000000000006
connection 6 61 -0.482159402570687234 0 0.299999999999999989 0.100000000000000006
connection 7 61 -1.120646030176430941 0 0.299999999999999989 0.100000000000000006
connection 8 61 0.659788114295224659 0 0.299999999999999989 0.100000000000000006
connection 9 61 2.113566162559436634 0 0.299999999999999989 0.100000000000000006
connection 10 61 -0.128119874854746740 0 0.299999999999999989 0.100000000000000006
connection 11 61 -2.121803894406184554 0 0.299999999999999989 0.100000000000000006
connection 14 61 1.284827741023036651 0 0.299999999999999989 0.100000000000000006
connection 15 61 0.929003666853532195 0 0.299999999999999989 0.100000000000000006
connection 16 61 -0.607926612748997286 0 0.299999999999999989 0.100000000000000006
connection 17 61 3.386495514831040055 0 0.299999999999999989 0.100000000000000006
connection 18 61 -2.516480598598718643 0 0.299999999999999989 0.100000000000000006
connection 19 61 -1.122254023910500109 0 0.299999999999999989 0.100000000000000006
connection 20 61 1.661294190096668899 0 0.299999999999999989 0.100000000000000006
connection 21 61 0.825540262507274747 0 0.299999999999999989 0.100000000000000006
connection 22 61 -0.392408514861017466 0 0.299999999999999989 0.100000000000000006
connection 24 61 -3.321134408906800672 0 0.299999999999999989 0.100000000000000006
connection 25 61 -1.241492684930562973 0 0.299999999999999989 0.100000000000000006
connection 26 61 0.907644054386764765 0 0.299999999999999989 0.100000000000000006
connection 28 61 -1.386521282140165567 0 0.299999999999999989 0.100000000000000006
connection 29 61 -0.546964684646809474 0 0.299999999999999989 0.100000000000000006
connection 30 61 0.821712497156113386 0 0.299999999999999989 0.100000000000000006
connection 31 61 -1.010056443745270371 0 0.299999999999999989 0.100000000000000006
connection 32 61 -0.398755248985253274 0 0.299999999999999989 0.100000000000000006
connection 33 61 -0.228143921471200883 0 0.299999999999999989 0.100000000000000006
connection 34 61 1.098276171363977483 0 0.299999999999999989 0.100000000000000006
connection 35 61 -0.093890671094413847 0 0.299999999999999989 0.100000000000000006
connection 36 61 0.064069952386489604 0 0.299999999999999989 0.100000000000000006
connection 37 61 0.143265279126353562 0 0.299999999999999989 0.100000000000000006
connection 38 61 -0.020427473122254014 0 0.299999999999999989 0.100000000000000006
connection 39 61 -0.993156568291851727 0 0.299999999999999989 0.100000000000000006
connection 40 61 -0.977138882735744119 0 0.299999999999999989 0.100000000000000006
connection 41 61 0.770707466872408986 0 0.299999999999999989 0.100000000000000006
connection 42 61 -0.436778004630468786 0 0.299999999999999989 0.100000000000000006
connection 44 61 0.852900662459433079 0 0.299999999999999989 0.100000000000000006
connection 45 61 -0.972287144628353417 0 0.299999999999999989 0.100000000000000006
connection 46 61 1.645470712450332940 0 0.299999999999999989 0.100000000000000006
connection 47 61 0.819112267461605370 0 0.299999999999999989 0.100000000000000006
connection 0 62 -4.146706923202145845 0 0.299999999999999989 0.100000000000000006
connection 2 62 -0.952185773814562708 0 0.299999999999999989 0.100000000000000006
connection 3 62 -4.604613628311199136 0 0.299999999999999989 0.100000000000000006
connection 4 62 -1.238891352317295969 0 0.299999999999999989 0.100000000000000006
connection 5 62 -0.718705165083520114 0 0.299999999999999989 0.100000000000000006
connection 7 62 1.271604723970085615 0 0.299999999999999989 0.100000000000000006
connection 8 62 -0.418597014970146120 0 0.299999999999999989 0.100000000000000006
connection 10 62 0.059176807990297675 0 0.299999999999999989 0.100000000000000006
connection 11 62 1.878194969693140592 0 0.299999999999999989 0.100000000000000006
connection 12 62 -0.537669505225494504 0 0.299999999999999989 0.100000000000000006
connection 14 62 0.978962921624770388 0 0.299999999999999989 0.100000000000000006
connection 15 62 0.243093512021005154 0 0.299999999999999989 0.100000000000000006
connection 16 62 1.409256501247000415 0 0.299999999999999989 0.100000000000000006
connection 17 62 1.815609079298155848 0 0.299999999999999989 0.100000000000000006
connection 18 62 2.229772712802514434 0 0.299999999999999989 0.100000000000000006
connection 19 62 0.124283167257090099 0 0.299999999999999989 0.100000000000000006
connection 20 62 0.655061098397709429 0 0.299999999999999989 0.100000000000000006
connection 21 62 -3.765130474697798491 0 0.299999999999999989 0.100000000000000006
connection 22 62 1.453213629050878808 0 0.299999999999999989 0.100000000000000006
connection 23 62 -0.310770786978537217 0 0.299999999999999989 0.100000000000000006
connection 24 62 0.077326105412794277 0 0.299999999999999989 0.100000000000000006
connection 25 62 3.164670741723966785 0 0.299999999999999989 0.100000000000000006
connection 26 62 0.343324616085737944 0 0.299999999999999989 0.100000000000000006
connection 27 62 -3.762066270661307499 0 0.299999999999999989 0.100000000000000006
connection 28 62 2.298313807463273406 0 0.299999999999999989 0.100000000000000006
connection 29 62 -1.134679085167590529 0 0.299999999999999989 0.100000000000000006
connection 30 62 2.364656806224957108 0 0.299999999999999989 0.100000000000000006
connection 31 62 -2.046170286397682503 0 0.299999999999999989 0.100000000000000006
connection 32 62 0.753950150683522224 0 0.299999999999999989 0.100000000000000006
connection 33 62 0.351753867842489854 0 0.299999999999999989 0.100000000000000006
connection 34 62 -2.034387641906505451 0 0.299999999999999989 0.100000000000000006
connection 35 62 -1.313793422850721981 0 0.299999999999999989 0.100000000000000006
connection 36 62 0.794086047855671495 0 0.299999999999999989 0.100000000000000006
connection 37 62 0.061628080904483795 0 0.299999999999999989 0.100000000000000006
connection 38 62 4.827730040749884211 0 0.299999999999999989 0.100000000000000006
connection 39 62 -4.868977722740964964 0 0.299999999999999989 0.100000000000000006
connection 40 62 -0.013214668957516551 0 0.299999999999999989 0.100000000000000006
connection 41 62 -1.715932377264834940 0 0.299999999999999989 0.100000000000000006
connection 42 62 -0.148883018060587347 0 0.299999999999999989 0.100000000000000006
connection 43 62 0.587862737942487001 0 0.299999999999999989 0.100000000000000006
connection 44 62 -5.472297877568053082 0 0.299999999999999989 0.100000000000000006
connection 45 62 -0.673261778661981225 0 0.299999999999999989 0.100000000000000006
connection 46 62 3.423549181374255568 0 0.299999999999999989 0.100000000000000006
connection 47 62 1.165507163386791945 0 0.299999999999999989 0.100000000000000006
connection 54 48 2.797779461789104971 0 0.299999999999999989 0.100000000000000006
connection 56 48 -0.929872571257874370 0 0.299999999999999989 0.100000000000000006
connection 58 48 1.777365059737348929 0 0.299999999999999989 0.100000000000000006
connection 59 48 1.521806285949423909 0 0.299999999999999989 0.100000000000000006
connection 61 48 1.256943377937204787 0 0.299999999999999989 0.100000000000000006
connection 62 48 -2.755989948811475188 0 0.299999999999999989 0.100000000000000006
connection 53 49 -4.625824993927381001 0 0.299999999999999989 0.100000000000000006
connection 54 49 -1.233909024827880785 0 0.299999999999999989 0.100000000000000006
connection 55 49 -3.011769049120630370 0 0.299999999999999989 0.100000000000000006
connection 56 49 -3.183201748674036935 0 0.299999999999999989 0.100000000000000006
connection 57 49 3.016570183724979870 0 0.299999999999999989 0.100000000000000006
connection 58 49 -0.951621572137810290 0 0.299999999999999989 0.100000000000000006
connection 59 49 -0.566675875103101134 0 0.299999999999999989 0.100000000000000006
connection 60 49 3.712137711547256913 0 0.299999999999999989 0.100000000000000006
connection 61 49 0.769591182790463790 0 0.299999999999999989 0.100000000000000006
connection 62 49 2.369987282552756369 0 0.299999999999999989 0.100000000000000006
connection 53 50 0.234352114726789296 0 0.299999999999999989 0.100000000000000006
connection 54 50 -1.997742519131861627 0 0.299999999999999989 0.100000000000000006
connection 55 50 -0.037252424866892397 0 0.299999999999999989 0.100000000000000006
connection 56 50 2.151211551710730419 0 0.299999999999999989 0.100000000000000006
connection 57 50 3.432655696567962877 0 0.299999999999999989 0.100000000000000006
connection 58 50 -3.226642152410931885 0 0.299999999999999989 0.100000000000000006
connection 59 50 5.285402116307523102 0 0.299999999999999989 0.100000000000000006
connection 60 50 0.588189749512821436 0 0.299999999999999989 0.100000000000000006
connection 61 50 -0.714517479180358350 0 0.299999999999999989 0.100000000000000006
connection 62 50 -1.598637854214757681 0 0.299999999999999989 0.100000000000000006
connection 53 51 -0.616714080686506350 0 0.299999999999999989 0.100000000000000006
connection 54 51 0.041307395880721742 0 0.299999999999999989 0.100000000000000006
connection 55 51 -0.186732179485261440 0 0.299999999999999989 0.100000000000000006
connection 56 51 1.912070699925607187 0 0.299999999999999989 0.100000000000000006
connection 57 51 0.667077757650986314 0 0.299999999999999989 0.100000000000000006
connection 58 51 -0.828471544198691845 0 0.299999999999999989 0.100000000000000006
connection 59 51 -0.039881195989437401 0 0.299999999999999989 0.100000000000000006
connection 60 51 -1.383618449370260350 0 0.299999999999999989 0.100000000000000006
connection 61 51 -1.573456848040223122 0 0.299999999999999989 0.100000000000000006
connection 53 52 -2.260808156366692856 0 0.299999999999999989 0.100000000000000006
connection 54 52 1.116795113775879145 0 0.299999999999999989 0.100000000000000006
connection 55 52 -0.413181886309757829 0 0.299999999999999989 0.100000000000000006
connection 56 52 5.274133542930940166 0 0.299999999999999989 0.100000000000000006
connection 58 52 -0.091044375134515576 0 0.299999999999999989 0.100000000000000006
connection 59 52 0.828325222653802484 0 0.299999999999999989 0.100000000000000006
connection 61 52 1.415347019967157394 0 0.299999999999999989 0.100000000000000006
connection 62 52 0.790122513892129064 0 0.299999999999999989 0.100000000000000006
connection 47 48 0.675645761657506227 0 0.299999999999999989 0.100000000000000006
connection 47 49 2.833476539875846356 0 0.299999999999999989 0.100000000000000006
connection 47 51 4.057138476695399731 0 0.299999999999999989 0.100000000000000006
connection 47 52 2.207235061126993969 0 0.299999999999999989 0.100000000000000006
connection 53 55 0.241059082793071866 0 0.299999999999999989 0.100000000000000006
connection 57 63 -1.905301046848762780 0 0.299999999999999989 0.100000000000000006
connection 63 52 2.615214350109454244 0 0.299999999999999989 0.100000000000000006
connection 44 49 0.653121624898631126 0 0.299999999999999989 0.100000000000000006
connection 21 49 -1.483202930656261742 0 0.299999999999999989 0.100000000000000006
connection 37 49 -3.140730941035144497 0 0.299999999999999989 0.100000000000000006
connection 57 64 1.342716896790079772 0 0.299999999999999989 0.100000000000000006
connection 64 48 1.174160542199388146 0 0.299999999999999989 0.100000000000000006
connection 50 60 -1.068327736433275277 1 0.299999999999999989 0.100000000000000006
connection 12 65 -2.455943732078594621 0 0.299999999999999989 0.100000000000000006
connection 65 61 -1.473812446616648231 0 0.299999999999999989 0.100000000000000006
connection 46 66 -2.865438711611204781 0 0.299999999999999989 0.100000000000000006
connection 66 55 0.377461126772686839 0 0.299999999999999989 0.100000000000000006
connection 62 59 -0.819580278650391847 0 0.299999999999999989 0.100000000000000006
connection 58 65 1.126412802534105140 1 0.299999999999999989 0.100000000000000006
connection 41 65 4.133611752160504693 0 0.299999999999999989 0.100000000000000006
connection 20 50 2.694610085971362423 0 0.299999999999999989 0.100000000000000006
connection 41 50 -2.358880598942050710 0 0.299999999999999989 0.100000000000000006
connection 46 67 0.893744309898465872 0 0.299999999999999989 0.100000000000000006
connection 67 58 0.328395772492513061 0 0.299999999999999989 0.100000000000000006
connection 5 66 5.292373190895887092 0 0.299999999999999989 0.100000000000000006
connection 1 49 7.803012791555374861 0 0.299999999999999989 0.100000000000000006
connection 35 52 1.037249748929752968 0 0.299999999999999989 0.100000000000000006
connection 56 59 -1.057815070456854301 0 0.299999999999999989 0.100000000000000006
connection 32 51 0.076248119235970080 0 0.299999999999999989 0.100000000000000006
connection 15 65 -0.675363709509838372 0 0.299999999999999989 0.100000000000000006
connection 0 52 0.420446375559549779 0 0.299999999999999989 0.100000000000000006
connection 11 65 -0.310009420383721590 0 0.299999999999999989 0.100000000000000006
connection 65 54 1.091669606626965106 0 0.299999999999999989 0.100000000000000006
connection 32 68 1.502469722559908405 0 0.299999999999999989 0.100000000000000006
connection 68 54 0.396014837271650322 0 0.299999999999999989 0.100000000000000006
connection 30 48 4.755317505914717913 0 0.299999999999999989 0.100000000000000006
connection 58 53 1.527126072556711733 0 0.299999999999999989 0.100000000000000006
connection 59 60 1.932639073114842176 0 0.299999999999999989 0.100000000000000006
connection 41 69 0.070005349116399884 0 0.299999999999999989 0.100000000000000006
connection 69 53 0.412885072408244014 0 0.299999999999999989 0.100000000000000006
connection 22 51 -0.678307458470953861 0 0.299999999999999989 0.100000000000000006
connection 33 50 -1.540369679685682058 0 0.299999999999999989 0.100000000000000006
connection 39 65 1.677581773172278190 0 0.299999999999999989 0.100000000000000006
connection 54 60 0.633918578387238085 0 0.299999999999999989 0.100000000000000006
connection 21 70 -0.058503132080659270 0 0.299999999999999989 0.100000000000000006
connection 70 54 -0.480098893749527633 0 0.299999999999999989 0.100000000000000006
connection 61 56 -0.177909230580553412 0 0.299999999999999989 0.100000000000000006
connection 23 71 0.218595324084162712 0 0.299999999999999989 0.100000000000000006
connection 71 61 -1.895995334954932332 0 0.299999999999999989 0.100000000000000006
connection 44 66 -1.975465030292980373 0 0.299999999999999989 0.100000000000000006
connection 44 72 -0.794011819758452475 0 0.299999999999999989 0.100000000000000006
connection 72 53 -0.863684068870497867 0 0.299999999999999989 0.100000000000000006
connection 38 65 -0.133006359683349729 0 0.299999999999999989 0.100000000000000006
connection 30 73 -0.806394027247733902 0 0.299999999999999989 0.100000000000000006
connection 73 57 0.760319135093595833 0 0.299999999999999989 0.100000000000000006
connection 72 72 2.002446111087920144 1 0.299999999999999989 0.100000000000000006
connection 49 72 -1.675071205652784556 1 0.299999999999999989 0.100000000000000006
connection 60 74 0.756794996326789260 0 0.299999999999999989 0.100000000000000006
connection 74 52 0.325750004645669833 0 0.299999999999999989 0.100000000000000006
connection 53 66 -0.226991046045441180 1 0.299999999999999989 0.100000000000000006
connection 32 73 0.130812074290588498 0 0.299999999999999989 0.100000000000000006
connection 70 66 4.773288418815354817 0 0.299999999999999989 0.100000000000000006
connection 55 56 -2.214013189135584980 0 0.299999999999999989 0.100000000000000006
connection 62 57 -0.241578338784165680 0 0.299999999999999989 0.100000000000000006
connection 31 70 -4.136830966337583959 0 0.299999999999999989 0.100000000000000006
connection 8 75 2.209965146626927890 0 0.299999999999999989 0.100000000000000006
connection 75 53 -3.620925749128218740 0 0.299999999999999989 0.100000000000000006
connection 20 76 3.939634636888513342 0 0.299999999999999989 0.100000000000000006
connection 76 59 0.990786376874893904 0 0.299999999999999989 0.100000000000000006
connection 41 77 1.257425406714901328 0 0.299999999999999989 0.100000000000000006
connection 77 55 -3.011369662126526237 0 0.299999999999999989 0.100000000000000006
connection 45 48 -1.049494873761432245 0 0.299999999999999989 0.100000000000000006
connection 9 49 1.123422090320673306 0 0.299999999999999989 0.100000000000000006
connection 55 78 -1.867850146033561032 0 0.299999999999999989 0.100000000000000006
connection 78 48 -2.588873312750365585 0 0.299999999999999989 0.100000000000000006
connection 34 50 -3.110880046500824392 0 0.299999999999999989 0.100000000000000006
connection 20 79 -3.361978169617941603 0 0.299999999999999989 0.100000000000000006
connection 79 60 1.033832785033155233 0 0.299999999999999989 0.100000000000000006
connection 35 80 -1.593723981379298493 0 0.299999999999999989 0.100000000000000006
connection 80 56 -1.271432705430925125 0 0.299999999999999989 0.100000000000000006
connection 50 57 -2.355579587150714360 1 0.299999999999999989 0.100000000000000006
connection 24 81 -0.181328142760321498 0 0.299999999999999989 0.100000000000000006
connection 81 59 -0.508733932394534349 0 0.299999999999999989 0.100000000000000006
connection 10 82 -0.402223327386309393 0 0.299999999999999989 0.100000000000000006
connection 82 55 1.047542447922751307 0 0.299999999999999989 0.100000000000000006
connection 1 50 -7.701340241066645831 0 0.299999999999999989 0.100000000000000006
connection 78 78 0.123325395543361083 1 0.299999999999999989 0.100000000000000006
connection 4 78 0.885877908847760409 0 0.299999999999999989 0.100000000000000006
connection 32 77 -3.754110879322979599 0 0.299999999999999989 0.100000000000000006
connection 78 82 1.497344147763215005 1 0.299999999999999989 0.100000000000000006
connection 13 51 -0.396123404352692887 0 0.299999999999999989 0.100000000000000006
connection 66 48 -2.689842133499041665 0 0.299999999999999989 0.100000000000000006
connection 23 50 1.980089729826431721 0 0.299999999999999989 0.100000000000000006
connection 56 82 0.213890044367872179 1 0.299999999999999989 0.100000000000000006
connection 59 68 -0.326871006051078439 1 0.299999999999999989 0.100000000000000006
connection 13 66 1.168451622506836429 0 0.299999999999999989 0.100000000000000006
connection 78 70 -2.984256039635511115 1 0.299999999999999989 0.100000000000000006
connection 43 80 0.200777803780511022 0 0.299999999999999989 0.100000000000000006
connection 27 83 -1.739651263982523233 0 0.299999999999999989 0.100000000000000006
connection 83 56 0.542372290277853608 0 0.299999999999999989 0.100000000000000006
connection 62 84 -3.317713741853367537 0 0.299999999999999989 0.100000000000000006
connection 84 51 1.617063288285862654 0 0.299999999999999989 0.100000000000000006
connection 8 72 0.314479775581276044 0 0.299999999999999989 0.100000000000000006
connection 7 52 5.747405732865445316 0 0.299999999999999989 0.100000000000000006
connection 67 54 -1.754286774492356926 0 0.299999999999999989 0.100000000000000006
connection 84 49 0.652507746242918074 0 0.299999999999999989 0.100000000000000006
connection 46 69 0.455213978661049623 0 0.299999999999999989 0.100000000000000006
connection 32 82 -0.686605182243511081 0 0.299999999999999989 0.100000000000000006
connection 62 60 -0.415688515640795231 0 0.299999999999999989 0.100000000000000006
connection 31 85 0.711977502614900004 0 0.299999999999999989 0.100000000000000006
connection 85 60 -1.583268087357282639 0 0.299999999999999989 0.100000000000000006
connection 1 86 0.764866130542941391 0 0.299999999999999989 0.100000000000000006
connection 86 53 0.181540599325671792 0 0.299999999999999989 0.100000000000000006
connection 68 72 -0.179088818375021219 0 0.299999999999999989 0.100000000000000006
connection 23 87 1.653346709674224257 0 0.299999999999999989 0.100000000000000006
connection 87 53 -3.777633036239421926 0 0.299999999999999989 0.100000000000000006
connection 37 74 0.612908672112098429 0 0.299999999999999989 0.100000000000000006
connection 84 84 1.459119652630761266 1 0.299999999999999989 0.100000000000000006
connection 60 86 0.834728556568734348 1 0.299999999999999989 0.100000000000000006
connection 52 79 1.509471771132666618 1 0.299999999999999989 0.100000000000000006
connection 1 69 -0.944369725068099797 0 0.299999999999999989 0.100000000000000006
connection 76 54 -2.053075886331498623 0 0.299999999999999989 0.100000000000000006
connection 37 78 0.179103126632981002 0 0.299999999999999989 0.100000000000000006
connection 83 82 -0.431495640659704804 0 0.299999999999999989 0.100000000000000006
connection 18 65 0.233586534741334617 0 0.299999999999999989 0.100000000000000006
connection 53 88 0.194462539162486792 0 0.299999999999999989 0.100000000000000006
connection 88 48 -0.140312623465433717 0 0.299999999999999989 0.100000000000000006
connection 86 86 0.291586343431845307 1 0.299999999999999989 0.100000000000000006
connection 83 86 0.363483944209292531 0 0.299999999999999989 0.100000000000000006
connection 79 80 -0.088669778429903090 0 0.299999999999999989 0.100000000000000006
connection 25 80 -0.185564994346350431 0 0.299999999999999989 0.100000000000000006
connection 74 74 -0.212790883611887693 1 0.299999999999999989 0.100000000000000006
connection 78 73 -0.169571647653356194 1 0.299999999999999989 0.100000000000000006
connection 66 79 -0.640583419473841786 0 0.299999999999999989 0.100000000000000006
connection 43 89 0.477326191030442715 0 0.299999999999999989 0.100000000000000006
connection 89 61 -0.099157337099313736 0 0.299999999999999989 0.100000000000000006
connection 34 85 0.355236158240586519 0 0.299999999999999989 0.100000000000000006
connection 90 62 -0.040967867942526937 0 0.299999999999999989 0.100000000000000006
connection 87 84 0.047637131530791521 0 0.299999999999999989 0.100000000000000006
connection 1 90 0.572612297604791820 0 0.299999999999999989 0.100000000000000006
connection 85 49 0.030252293567173183 0 0.299999999999999989 0.100000000000000006
connection 45 89 -0.064755144296213984 0 0.299999999999999989 0.100000000000000006
connection 87 60 0.775360577274113894 0 0.299999999999999989 0.100000000000000006
connection 89 75 0.233933034120127559 0 0.299999999999999989 0.100000000000000006
connection 11 91 -1.337136290967464447 0 0.299999999999999989 0.100000000000000006
connection 91 57 -0.504407043335959315 0 0.299999999999999989 0.100000000000000006
connection 79 49 -0.510369854164309800 0 0.299999999999999989 0.100000000000000006
connection 16 63 0.375239180400967598 0 0.299999999999999989 0.100000000000000006
connection 89 76 -0.130999054759740829 0 0.299999999999999989 0.100000000000000006
connection 47 91 0.089066056767478585 0 0.299999999999999989 0.100000000000000006
connection 28 85 -0.432798449881374836 0 0.299999999999999989 0.100000000000000006
connection 68 76 0.429983396199531853 0 0.299999999999999989 0.100000000000000006
connection 49 87 -0.146235136315226555 1 0.299999999999999989 0.100000000000000006
NNend

