NNstart
48 5
neuron 1 0.000000000000000000 0.000000000000000000 0.000000000000000000 0.000000000000000000 1 0.000000000000000000
neuron 1 0.000000000000000000 0.000000000000000000 0.000000000000000000 0.000000000000000000 1 0.000000000000000000
neuron 1 0.000000000000000000 0.000000000000000000 0.000000000000000000 0.000000000000000000 1 0.000000000000000000
neuron 1 0.000000000000000000 0.000000000000000000 0.000000000000000000 0.000000000000000000 1 0.000000000000000000
neuron 1 0.000000000000000000 0.000000000000000000 0.000000000000000000 0.000000000000000000 1 0.000000000000000000
neuron 1 0.000000000000000000 0.000000000000000000 0.000000000000000000 0.000000000000000000 1 0.000000000000000000
neuron 1 0.000000000000000000 0.000000000000000000 0.000000000000000000 0.000000000000000000 1 0.000000000000000000
neuron 1 0.000000000000000000 0.000000000000000000 0.000000000000000000 0.000000000000000000 1 0.000000000000000000
neuron 1 0.000000000000000000 0.000000000000000000 0.000000000000000000 0.000000000000000000 1 0.000000000000000000
neuron 1 0.000000000000000000 0.000000000000000000 0.000000000000000000 0.000000000000000000 1 0.000000000000000000
neuron 1 0.000000000000000000 0.000000000000000000 0.000000000000000000 0.000000000000000000 1 0.000000000000000000
neuron 1 0.000000000000000000 0.000000000000000000 0.000000000000000000 0.000000000000000000 1 0.000000000000000000
neuron 1 0.000000000000000000 0.000000000000000000 0.000000000000000000 0.000000000000000000 1 0.000000000000000000
neuron 1 0.000000000000000000 0.000000000000000000 0.000000000000000000 0.000000000000000000 1 0.000000000000000000
neuron 1 0.000000000000000000 0.000000000000000000 0.000000000000000000 0.000000000000000000 1 0.000000000000000000
neuron 1 0.000000000000000000 0.000000000000000000 0.000000000000000000 0.000000000000000000 1 0.000000000000000000
neuron 1 0.000000000000000000 0.000000000000000000 0.000000000000000000 0.000000000000000000 1 0.000000000000000000
neuron 1 0.000000000000000000 0.000000000000000000 0.000000000000000000 0.000000000000000000 1 0.000000000000000000
neuron 1 0.000000000000000000 0.000000000000000000 0.000000000000000000 0.000000000000000000 1 0.000000000000000000
neuron 1 0.000000000000000000 0.000000000000000000 0.000000000000000000 0.000000000000000000 1 0.000000000000000000
neuron 1 0.000000000000000000 0.000000000000000000 0.000000000000000000 0.000000000000000000 1 0.000000000000000000
neuron 1 0.000000000000000000 0.000000000000000000 0.000000000000000000 0.000000000000000000 1 0.000000000000000000
neuron 1 0.000000000000000000 0.000000000000000000 0.000000000000000000 0.000000000000000000 1 0.000000000000000000
neuron 1 0.000000000000000000 0.000000000000000000 0.000000000000000000 0.000000000000000000 1 0.000000000000000000
neuron 1 0.000000000000000000 0.000000000000000000 0.000000000000000000 0.000000000000000000 1 0.000000000000000000
neuron 1 0.000000000000000000 0.000000000000000000 0.000000000000000000 0.000000000000000000 1 0.000000000000000000
neuron 1 0.000000000000000000 0.000000000000000000 0.000000000000000000 0.000000000000000000 1 0.000000000000000000
neuron 1 0.000000000000000000 0.000000000000000000 0.000000000000000000 0.000000000000000000 1 0.000000000000000000
neuron 1 0.000000000000000000 0.000000000000000000 0.000000000000000000 0.000000000000000000 1 0.000000000000000000
neuron 1 0.000000000000000000 0.000000000000000000 0.000000000000000000 0.000000000000000000 1 0.000000000000000000
neuron 1 0.000000000000000000 0.000000000000000000 0.000000000000000000 0.000000000000000000 1 0.000000000000000000
neuron 1 0.000000000000000000 0.000000000000000000 0.000000000000000000 0.000000000000000000 1 0.000000000000000000
neuron 1 0.000000000000000000 0.000000000000000000 0.000000000000000000 0.000000000000000000 1 0.000000000000000000
neuron 1 0.000000000000000000 0.000000000000000000 0.000000000000000000 0.000000000000000000 1 0.000000000000000000
neuron 1 0.000000000000000000 0.000000000000000000 0.000000000000000000 0.000000000000000000 1 0.000000000000000000
neuron 1 0.000000000000000000 0.000000000000000000 0.000000000000000000 0.000000000000000000 1 0.000000000000000000
neuron 1 0.000000000000000000 0.000000000000000000 0.000000000000000000 0.000000000000000000 1 0.000000000000000000
neuron 1 0.000000000000000000 0.000000000000000000 0.000000000000000000 0.000000000000000000 1 0.000000000000000000
neuron 1 0.000000000000000000 0.000000000000000000 0.000000000000000000 0.000000000000000000 1 0.000000000000000000
neuron 1 0.000000000000000000 0.000000000000000000 0.000000000000000000 0.000000000000000000 1 0.000000000000000000
neuron 1 0.000000000000000000 0.000000000000000000 0.000000000000000000 0.000000000000000000 1 0.000000000000000000
neuron 1 0.000000000000000000 0.000000000000000000 0.000000000000000000 0.000000000000000000 1 0.000000000000000000
neuron 1 0.000000000000000000 0.000000000000000000 0.000000000000000000 0.000000000000000000 1 0.000000000000000000
neuron 1 0.000000000000000000 0.000000000000000000 0.000000000000000000 0.000000000000000000 1 0.000000000000000000
neuron 1 0.000000000000000000 0.000000000000000000 0.000000000000000000 0.000000000000000000 1 0.000000000000000000
neuron 1 0.000000000000000000 0.000000000000000000 0.000000000000000000 0.000000000000000000 1 0.000000000000000000
neuron 1 0.000000000000000000 0.000000000000000000 0.000000000000000000 0.000000000000000000 1 0.000000000000000000
neuron 2 0.000000000000000000 0.000000000000000000 0.000000000000000000 0.000000000000000000 1 0.000000000000000000
neuron 4 1.000000000000000000 0.000000000000000000 0.000000000000000000 0.000000000000000000 1 1.000000000000000000
neuron 4 1.000000000000000000 0.000000000000000000 0.000000000000000000 0.000000000000000000 1 1.000000000000000000
neuron 4 1.000000000000000000 0.000000000000000000 0.000000000000000000 0.000000000000000000 1 1.000000000000000000
neuron 4 1.000000000000000000 0.000000000000000000 0.000000000000000000 0.000000000000000000 1 1.000000000000000000
neuron 4 1.000000000000000000 0.000000000000000000 0.000000000000000000 0.000000000000000000 1 1.000000000000000000
neuron 3 1.000000000000000000 0.000000000000000000 0.000000000000000000 0.000000000000000000 1 0.500000000000000000
neuron 3 1.000000000000000000 0.000000000000000000 0.000000000000000000 0.000000000000000000 1 0.500000000000000000
neuron 3 1.000000000000000000 0.000000000000000000 0.000000000000000000 0.000000000000000000 1 0.500000000000000000
neuron 3 1.000000000000000000 0.000000000000000000 0.000000000000000000 0.000000000000000000 1 0.500000000000000000
neuron 3 1.000000000000000000 0.000000000000000000 0.000000000000000000 0.000000000000000000 1 0.500000000000000000
neuron 3 1.000000000000000000 0.000000000000000000 0.000000000000000000 0.000000000000000000 1 0.500000000000000000
neuron 3 1.000000000000000000 0.000000000000000000 0.000000000000000000 0.000000000000000000 1 0.500000000000000000
neuron 3 1.000000000000000000 0.000000000000000000 0.000000000000000000 0.000000000000000000 1 0.500000000000000000
neuron 3 1.000000000000000000 0.000000000000000000 0.000000000000000000 0.000000000000000000 1 0.500000000000000000
neuron 3 1.000000000000000000 0.000000000000000000 0.000000000000000000 0.000000000000000000 1 0.500000000000000000
neuron 3 1.000000000000000000 0.000000000000000000 0.000000000000000000 0.000000000000000000 1 0.250000000000000000
neuron 3 1.000000000000000000 0.000000000000000000 0.000000000000000000 0.000000000000000000 1 0.250000000000000000
neuron 3 1.000000000000000000 0.000000000000000000 0.000000000000000000 0.000000000000000000 1 0.250000000000000000
neuron 3 1.000000000000000000 0.000000000000000000 0.000000000000000000 0.000000000000000000 2 0.250000000000000000
neuron 3 1.000000000000000000 0.000000000000000000 0.000000000000000000 0.000000000000000000 1 0.250000000000000000
neuron 3 1.000000000000000000 0.000000000000000000 0.000000000000000000 0.000000000000000000 2 0.250000000000000000
neuron 3 1.000000000000000000 0.000000000000000000 0.000000000000000000 0.000000000000000000 1 0.250000000000000000
neuron 3 1.000000000000000000 0.000000000000000000 0.000000000000000000 0.000000000000000000 1 0.250000000000000000
neuron 3 1.000000000000000000 0.000000000000000000 0.000000000000000000 0.000000000000000000 1 0.250000000000000000
neuron 3 1.000000000000000000 0.000000000000000000 0.000000000000000000 0.000000000000000000 1 0.375000000000000000
neuron 3 1.000000000000000000 0.000000000000000000 0.000000000000000000 0.000000000000000000 1 0.250000000000000000
neuron 3 1.000000000000000000 0.000000000000000000 0.000000000000000000 0.000000000000000000 1 0.250000000000000000
neuron 3 1.000000000000000000 0.000000000000000000 0.000000000000000000 0.000000000000000000 2 0.250000000000000000
neuron 3 1.000000000000000000 0.000000000000000000 0.000000000000000000 0.000000000000000000 1 0.500000000000000000
neuron 3 1.000000000000000000 0.000000000000000000 0.000000000000000000 0.000000000000000000 4 0.250000000000000000
neuron 3 1.000000000000000000 0.000000000000000000 0.000000000000000000 0.000000000000000000 4 0.250000000000000000
connection 0 53 0.041663508673082106 0 0.299999999999999989 0.100000000000000006
connection 1 53 0.800953449215739965 0 0.299999999999999989 0.100000000000000006
connection 2 53 8.000000000000000000 0 0.299999999999999989 0.100000000000000006
connection 3 53 -0.370095860678702593 0 0.299999999999999989 0.100000000000000006
connection 4 53 -0.309779666364192963 0 0.299999999999999989 0.100000000000000006
connection 5 53 -0.485744565492495894 0 0.299999999999999989 0.100000000000000006
connection 6 53 -2.271058388170786202 0 0.299999999999999989 0.100000000000000006
connection 7 53 -0.422469193348661065 0 0.299999999999999989 0.100000000000000006
connection 8 53 -0.846706331241875887 0 0.299999999999999989 0.100000000000000006
connection 9 53 -1.315170041700184811 0 0.299999999999999989 0.100000000000000006
connection 10 53 3.201140067423693836 0 0.299999999999999989 0.100000000000000006
connection 11 53 -2.124698036321206018 0 0.299999999999999989 0.100000000000000006
connection 12 53 0.088403984205797315 0 0.299999999999999989 0.100000000000000006
connection 13 53 1.147590664346353151 0 0.299999999999999989 0.100000000000000006
connection 14 53 -7.116936792488559149 0 0.299999999999999989 0.100000000000000006
connection 15 53 2.769678621771163307 0 0.299999999999999989 0.100000000000000006
connection 16 53 -0.239114680327475071 0 0.299999999999999989 0.100000000000000006
connection 17 53 0.537446351023390889 0 0.299999999999999989 0.100000000000000006
connection 18 53 -0.954621793003752828 0 0.299999999999999989 0.100000000000000006
connection 19 53 -0.577534815063700080 0 0.299999999999999989 0.100000000000000006
connection 20 53 6.796006318487343378 0 0.299999999999999989 0.100000000000000006
connection 21 53 -4.010112084652064368 0 0.299999999999999989 0.100000000000000006
connection 22 53 2.060835060707177036 0 0.299999999999999989 0.100000000000000006
connection 23 53 -0.496170366319347522 0 0.299999999999999989 0.100000000000000006
connection 24 53 -1.237006483250297606 0 0.299999999999999989 0.100000000000000006
connection 25 53 1.591339766335295280 0 0.299999999999999989 0.100000000000000006
connection 28 53 -3.338969287040526979 0 0.299999999999999989 0.100000000000000006
connection 29 53 -2.500831479963380843 0 0.299999999999999989 0.100000000000000006
connection 30 53 4.253156090067932382 0 0.299999999999999989 0.100000000000000006
connection 31 53 4.007907029561465606 0 0.299999999999999989 0.100000000000000006
connection 32 53 -0.539205551845952868 0 0.299999999999999989 0.100000000000000006
connection 33 53 -0.227564445231109858 0 0.299999999999999989 0.100000000000000006
connection 34 53 -0.933902800214127637 0 0.299999999999999989 0.100000000000000006
connection 36 53 0.928319935686886311 0 0.299999999999999989 0.100000000000000006
connection 37 53 2.576822696297313087 0 0.299999999999999989 0.100000000000000006
connection 38 53 -0.115370217266899999 0 0.299999999999999989 0.100000000000000006
connection 39 53 -0.752897777478210628 0 0.299999999999999989 0.100000000000000006
connection 40 53 2.293734794278861955 0 0.299999999999999989 0.100000000000000006
connection 42 53 3.540634049248183146 0 0.299999999999999989 0.100000000000000006
connection 43 53 -0.164962076116353273 0 0.299999999999999989 0.100000000000000006
connection 44 53 0.244297266472131014 0 0.299999999999999989 0.100000000000000006
connection 45 53 0.045040843542665243 0 0.299999999999999989 0.100000000000000006
connection 46 53 1.400366463691170793 0 0.299999999999999989 0.100000000000000006
connection 47 53 -0.156343872658908367 0 0.299999999999999989 0.100000000000000006
connection 0 54 0.608258398749512708 0 0.299999999999999989 0.100000000000000006
connection 1 54 0.071517330128699541 0 0.299999999999999989 0.100000000000000006
connection 2 54 3.078173646121285856 0 0.299999999999999989 0.100000000000000006
connection 3 54 1.256778457754990086 0 0.299999999999999989 0.100000000000000006
connection 4 54 -0.650298428256064653 0 0.299999999999999989 0.100000000000000006
connection 5 54 0.487833048449829221 0 0.299999999999999989 0.100000000000000006
connection 6 54 -0.794819897273555398 0 0.299999999999999989 0.100000000000000006
connection 7 54 0.189482253510504961 0 0.299999999999999989 0.100000000000000006
connection 8 54 -1.309026746661402285 0 0.299999999999999989 0.100000000000000006
connection 9 54 -2.536920647980878130 0 0.299999999999999989 0.100000000000000006
connection 10 54 -0.501459654653444886 0 0.299999999999999989 0.100000000000000006
connection 11 54 1.640333200339227915 0 0.299999999999999989 0.100000000000000006
connection 12 54 -0.094543712912127376 0 0.299999999999999989 0.100000000000000006
connection 13 54 -0.462519899709150195 0 0.299999999999999989 0.100000000000000006
connection 14 54 -0.673714635020587593 0 0.299999999999999989 0.100000000000000006
connection 15 54 -0.417479564261157066 0 0.299999999999999989 0.100000000000000006
connection 16 54 -2.297716896227939287 0 0.299999999999999989 0.100000000000000006
connection 17 54 0.248839064312051050 0 0.299999999999999989 0.100000000000000006
connection 18 54 -0.135855698725208640 0 0.299999999999999989 0.100000000000000006
connection 19 54 -0.864040442742407322 0 0.299999999999999989 0.100000000000000006
connection 20 54 -0.433530946902465075 0 0.299999999999999989 0.100000000000000006
connection 21 54 -2.223033479007426649 0 0.299999999999999989 0.100000000000000006
connection 22 54 -0.481030471826670691 0 0.299999999999999989 0.100000000000000006
connection 24 54 -3.355807267944328487 0 0.299999999999999989 0.100000000000000006
connection 25 54 -1.332176948199048638 0 0.299999999999999989 0.100000000000000006
connection 26 54 -0.744703701231628656 0 0.299999999999999989 0.100000000000000006
connection 27 54 -1.503379935165867209 0 0.299999999999999989 0.100000000000000006
connection 28 54 1.906450705271709012 0 0.299999999999999989 0.100000000000000006
connection 29 54 2.086695349775254726 0 0.299999999999999989 0.100000000000000006
connection 30 54 -0.764128031558357179 0 0.299999999999999989 0.100000000000000006
connection 31 54 2.611914066364988685 0 0.299999999999999989 0.100000000000000006
connection 32 54 -1.516727177659049630 0 0.299999999999999989 0.100000000000000006
connection 33 54 -0.374629038036800921 0 0.299999999999999989 0.100000000000000006
connection 34 54 3.126578984092702740 0 0.299999999999999989 0.100000000000000006
connection 35 54 3.002359976759180427 0 0.299999999999999989 0.100000000000000006
connection 36 54 -0.409237613435834646 0 0.299999999999999989 0.100000000000000006
connection 37 54 -2.742285919637652114 0 0.299999999999999989 0.100000000000000006
connection 39 54 0.970697936369106174 0 0.299999999999999989 0.100000000000000006
connection 40 54 0.753235505195334554 0 0.299999999999999989 0.100000000000000006
connection 41 54 -0.614245769102126360 0 0.299999999999999989 0.100000000000000006
connection 42 54 0.018900447292253375 0 0.299999999999999989 0.100000000000000006
connection 43 54 -0.157465999247506261 0 0.299999999999999989 0.100000000000000006
connection 44 54 0.215248954438720830 0 0.299999999999999989 0.100000000000000006
connection 45 54 1.708439026566338725 0 0.299999999999999989 0.100000000000000006
connection 46 54 -1.172102412652748171 0 0.299999999999999989 0.100000000000000006
connection 47 54 -0.097375780576840043 0 0.299999999999999989 0.100000000000000006
connection 0 55 0.152622735826298594 0 0.299999999999999989 0.100000000000000006
connection 1 55 0.270621042232960463 0 0.299999999999999989 0.100000000000000006
connection 3 55 0.764663567300885916 0 0.299999999999999989 0.100000000000000006
connection 4 55 -0.712711237836629152 0 0.299999999999999989 0.100000000000000006
connection 5 55 -0.535210766596719623 0 0.299999999999999989 0.100000000000000006
connection 7 55 -6.074974232345994096 0 0.299999999999999989 0.100000000000000006
connection 8 55 -0.353355732979252934 0 0.299999999999999989 0.100000000000000006
connection 9 55 1.663121927551401313 0 0.299999999999999989 0.100000000000000006
connection 10 55 1.187429908080957830 0 0.299999999999999989 0.100000000000000006
connection 11 55 -0.610274125397154421 0 0.299999999999999989 0.100000000000000006
connection 12 55 -0.717943349853157997 0 0.299999999999999989 0.100000000000000006
connection 13 55 0.548323593568056822 0 0.299999999999999989 0.100000000000000006
connection 14 55 -0.743485231883823872 0 0.299999999999999989 0.100000000000000006
connection 15 55 0.087906335014849901 0 0.299999999999999989 0.100000000000000006
connection 16 55 -0.663218507805140689 0 0.299999999999999989 0.100000000000000006
connection 17 55 0.393096284009516239 0 0.299999999999999989 0.100000000000000006
connection 18 55 0.703100666869431734 0 0.299999999999999989 0.100000000000000006
connection 19 55 0.498060393758350983 0 0.299999999999999989 0.100000000000000006
connection 20 55 -0.352893973933532834 0 0.299999999999999989 0.100000000000000006
connection 22 55 0.456599298398941755 0 0.299999999999999989 0.100000000000000006
connection 23 55 0.855606928467750549 0 0.299999999999999989 0.100000000000000006
connection 25 55 -1.943498149747028947 0 0.299999999999999989 0.100000000000000006
connection 26 55 -0.429365943884477019 0 0.299999999999999989 0.100000000000000006
connection 27 55 -0.147381994174793363 0 0.299999999999999989 0.100000000000000006
connection 28 55 -0.537889298451773357 0 0.299999999999999989 0.100000000000000006
connection 29 55 -1.300258884439244866 0 0.299999999999999989 0.100000000000000006
connection 30 55 -0.042347551090642810 0 0.299999999999999989 0.100000000000000006
connection 31 55 -0.772843012358862325 0 0.299999999999999989 0.100000000000000006
connection 32 55 -1.153006040323816705 0 0.299999999999999989 0.100000000000000006
connection 33 55 -0.786610251758247614 0 0.299999999999999989 0.100000000000000006
connection 34 55 -0.992642505094408989 0 0.299999999999999989 0.100000000000000006
connection 35 55 0.150069521507248282 0 0.299999999999999989 0.100000000000000006
connection 36 55 -1.936664315464440733 0 0.299999999999999989 0.100000000000000006
connection 37 55 -1.102394591551274061 0 0.299999999999999989 0.100000000000000006
connection 38 55 -0.153758763801306486 0 0.299999999999999989 0.100000000000000006
connection 39 55 0.631406278524082154 0 0.299999999999999989 0.100000000000000006
connection 40 55 2.890002827509306371 0 0.299999999999999989 0.100000000000000006
connection 41 55 -0.432059738552197814 0 0.299999999999999989 0.100000000000000006
connection 42 55 -3.775091940289712511 0 0.299999999999999989 0.100000000000000006
connection 43 55 0.558461962034925818 0 0.299999999999999989 0.100000000000000006
connection 44 55 1.037607688781463366 0 0.299999999999999989 0.100000000000000006
connection 45 55 -2.860861684021074325 0 0.299999999999999989 0.100000000000000006
connection 46 55 1.795803783345036209 0 0.299999999999999989 0.100000000000000006
connection 47 55 -0.006406804779544473 0 0.299999999999999989 0.100000000000000006
connection 0 56 -0.304472846357384697 0 0.299999999999999989 0.100000000000000006
connection 1 56 -2.958991010818863288 0 0.299999999999999989 0.100000000000000006
connection 2 56 0.012720074271783233 0 0.299999999999999989 0.100000000000000006
connection 3 56 4.246240593725815415 0 0.299999999999999989 0.100000000000000006
connection 4 56 0.361796016804873943 0 0.299999999999999989 0.100000000000000006
connection 5 56 -0.576891793403774500 0 0.299999999999999989 0.100000000000000006
connection 6 56 2.115593781752977520 0 0.299999999999999989 0.100000000000000006
connection 7 56 -0.693135915673337877 0 0.299999999999999989 0.100000000000000006
connection 8 56 -0.167151812929660082 0 0.299999999999999989 0.100000000000000006
connection 11 56 -0.518158011371269822 0 0.299999999999999989 0.100000000000000006
connection 12 56 -2.959926778268709313 0 0.299999999999999989 0.100000000000000006
connection 13 56 -2.126148514798842371 0 0.299999999999999989 0.100000000000000006
connection 14 56 -0.400161742232739925 0 0.299999999999999989 0.100000000000000006
connection 15 56 -0.289153570014605066 0 0.299999999999999989 0.100000000000000006
connection 16 56 -7.474225672573084012 0 0.299999999999999989 0.100000000000000006
connection 17 56 -0.353763547260314226 0 0.299999999999999989 0.100000000000000006
connection 18 56 7.001963699003681540 0 0.299999999999999989 0.100000000000000006
connection 19 56 -0.260527207050472498 0 0.299999999999999989 0.100000000000000006
connection 20 56 -3.102769833581987768 0 0.299999999999999989 0.100000000000000006
connection 21 56 1.715100743756920565 0 0.299999999999999989 0.100000000000000006
connection 22 56 -0.393640804802998900 0 0.299999999999999989 0.100000000000000006
connection 23 56 0.636189976939931512 0 0.299999999999999989 0.100000000000000006
connection 24 56 0.535543415928259492 0 0.299999999999999989 0.100000000000000006
connection 26 56 0.140721942996606231 0 0.299999999999999989 0.100000000000000006
connection 27 56 0.404214877169579268 0 0.299999999999999989 0.100000000000000006
connection 28 56 0.170967508107423782 0 0.299999999999999989 0.100000000000000006
connection 29 56 1.643317474285140634 0 0.299999999999999989 0.100000000000000006
connection 30 56 1.194790725305210799 0 0.299999999999999989 0.100000000000000006
connection 31 56 -0.359387833836080972 0 0.299999999999999989 0.100000000000000006
connection 32 56 -1.455450925946934149 0 0.299999999999999989 0.100000000000000006
connection 33 56 -0.214351008180528879 0 0.299999999999999989 0.100000000000000006
connection 34 56 0.160172224044799805 0 0.299999999999999989 0.100000000000000006
connection 35 56 1.820933482347754762 0 0.299999999999999989 0.100000000000000006
connection 36 56 1.220971812581410632 0 0.299999999999999989 0.100000000000000006
connection 37 56 1.363229930982924998 0 0.299999999999999989 0.100000000000000006
connection 38 56 -0.071598194468151632 0 0.299999999999999989 0.100000000000000006
connection 39 56 -4.262160835285612848 0 0.299999999999999989 0.100000000000000006
connection 40 56 -0.172243880340829492 0 0.299999999999999989 0.100000000000000006
connection 41 56 1.694825386686716229 0 0.299999999999999989 0.100000000000000006
connection 42 56 -2.379876064544077963 0 0.299999999999999989 0.100000000000000006
connection 43 56 0.012112803058698773 0 0.299999999999999989 0.100000000000000006
connection 44 56 0.661584602668881416 0 0.299999999999999989 0.100000000000000006
connection 45 56 -0.538659989103507542 0 0.299999999999999989 0.100000000000000006
connection 46 56 -0.066833103774115443 0 0.299999999999999989 0.100000000000000006
connection 47 56 -0.052209673915058374 0 0.299999999999999989 0.100000000000000006
connection 0 57 -3.139042911221622489 0 0.299999999999999989 0.100000000000000006
connection 1 57 -0.535386197734624147 0 0.299999999999999989 0.100000000000000006
connection 2 57 3.653449713514419273 0 0.299999999999999989 0.100000000000000006
connection 3 57 0.520459428164485871 0 0.299999999999999989 0.100000000000000006
connection 4 57 1.777101507177576423 0 0.299999999999999989 0.100000000000000006
connection 5 57 -2.935001366306096315 0 0.299999999999999989 0.100000000000000006
connection 6 57 0.201003143563866615 0 0.299999999999999989 0.100000000000000006
connection 7 57 0.554406257811933756 0 0.299999999999999989 0.100000000000000006
connection 8 57 1.911641226150095463 0 0.299999999999999989 0.100000000000000006
connection 9 57 -1.338596698611581814 0 0.299999999999999989 0.100000000000000006
connection 10 57 0.543384182499721646 0 0.299999999999999989 0.100000000000000006
connection 11 57 -0.034704014891758561 0 0.299999999999999989 0.100000000000000006
connection 13 57 0.357935941744017327 0 0.299999999999999989 0.100000000000000006
connection 14 57 -0.348465477116405964 0 0.299999999999999989 0.100000000000000006
connection 15 57 -0.665497233392670751 0 0.299999999999999989 0.100000000000000006
connection 16 57 -0.232667588861659169 0 0.299999999999999989 0.100000000000000006
connection 17 57 3.888363264995859936 0 0.299999999999999989 0.100000000000000006
connection 18 57 -0.732163311375188641 0 0.299999999999999989 0.100000000000000006
connection 20 57 -2.080894062935840338 0 0.299999999999999989 0.100000000000000006
connection 21 57 -0.213182281935587525 0 0.299999999999999989 0.100000000000000006
connection 22 57 0.803961312754097435 0 0.299999999999999989 0.100000000000000006
connection 23 57 -4.484406769974157214 0 0.299999999999999989 0.100000000000000006
connection 24 57 2.269310034789668862 0 0.299999999999999989 0.100000000000000006
connection 25 57 0.373040613019838929 0 0.299999999999999989 0.100000000000000006
connection 26 57 2.837408787785534514 0 0.299999999999999989 0.100000000000000006
connection 27 57 0.211871454957872629 0 0.299999999999999989 0.100000000000000006
connection 29 57 -0.555860911961644888 0 0.299999999999999989 0.100000000000000006
connection 30 57 3.701522241710335948 0 0.299999999999999989 0.100000000000000006
connection 31 57 3.400327948707854375 0 0.299999999999999989 0.100000000000000006
connection 32 57 -0.277067139279097319 0 0.299999999999999989 0.100000000000000006
connection 33 57 -0.493550597224384546 0 0.299999999999999989 0.100000000000000006
connection 34 57 -1.871698509985435521 0 0.299999999999999989 0.100000000000000006
connection 35 57 0.984475264500360936 0 0.299999999999999989 0.100000000000000006
connection 36 57 -0.365754606202244759 0 0.299999999999999989 0.100000000000000006
connection 37 57 0.723797603044658899 0 0.299999999999999989 0.100000000000000006
connection 38 57 0.005120138172060251 0 0.299999999999999989 0.100000000000000006
connection 39 57 2.751257997391803656 0 0.299999999999999989 0.100000000000000006
connection 40 57 0.206990104867145419 0 0.299999999999999989 0.100000000000000006
connection 41 57 -2.950833977170987055 0 0.299999999999999989 0.100000000000000006
connection 42 57 3.979719370123348199 0 0.299999999999999989 0.100000000000000006
connection 43 57 2.111471453041303903 0 0.299999999999999989 0.100000000000000006
connection 44 57 0.395173930563032627 0 0.299999999999999989 0.100000000000000006
connection 45 57 3.176767063545412384 0 0.299999999999999989 0.100000000000000006
connection 47 57 -1.110887467337306589 0 0.299999999999999989 0.100000000000000006
connection 0 58 1.819474239047849551 0 0.299999999999999989 0.100000000000000006
connection 1 58 1.581602165514595981 0 0.299999999999999989 0.100000000000000006
connection 2 58 -0.104022098355926573 0 0.299999999999999989 0.100000000000000006
connection 3 58 -0.514013475622050464 0 0.299999999999999989 0.100000000000000006
connection 4 58 0.268018510076217353 0 0.299999999999999989 0.100000000000000006
connection 5 58 0.099913988495245576 0 0.299999999999999989 0.100000000000000006
connection 6 58 -0.572793076047673821 0 0.299999999999999989 0.100000000000000006
connection 7 58 2.087585458299145103 0 0.299999999999999989 0.100000000000000006
connection 8 58 0.184399897698312998 0 0.299999999999999989 0.100000000000000006
connection 9 58 -0.195866981877770741 0 0.299999999999999989 0.100000000000000006
connection 10 58 -0.704176835017278790 0 0.299999999999999989 0.100000000000000006
connection 11 58 2.820448075442982372 0 0.299999999999999989 0.100000000000000006
connection 13 58 -2.713088356054868200 0 0.299999999999999989 0.100000000000000006
connection 14 58 -0.115275053307414055 0 0.299999999999999989 0.100000000000000006
connection 15 58 0.634609736735001206 0 0.299999999999999989 0.100000000000000006
connection 17 58 -4.363820971917448333 0 0.299999999999999989 0.100000000000000006
connection 18 58 1.966126881270611193 0 0.299999999999999989 0.100000000000000006
connection 19 58 0.549959951080381870 0 0.299999999999999989 0.100000000000000006
connection 20 58 -0.387155684409663081 0 0.299999999999999989 0.100000000000000006
connection 21 58 0.133406200679019094 0 0.299999999999999989 0.100000000000000006
connection 22 58 1.631097092293202877 0 0.299999999999999989 0.100000000000000006
connection 23 58 0.664007449522614479 0 0.299999999999999989 0.100000000000000006
connection 24 58 -3.479933194001205266 0 0.299999999999999989 0.100000000000000006
connection 25 58 1.860702905556536280 0 0.299999999999999989 0.100000000000000006
connection 26 58 -0.113633295055478811 0 0.299999999999999989 0.100000000000000006
connection 28 58 0.773693290873779915 0 0.299999999999999989 0.100000000000000006
connection 29 58 -0.272115933708846569 0 0.299999999999999989 0.100000000000000006
connection 30 58 2.303442033062310657 0 0.299999999999999989 0.100000000000000006
connection 31 58 0.995689053786918521 0 0.299999999999999989 0.100000000000000006
connection 32 58 -0.394826452713459730 0 0.299999999999999989 0.100000000000000006
connection 33 58 -0.098778934450820088 0 0.299999999999999989 0.100000000000000006
connection 34 58 4.919580887362826616 0 0.299999999999999989 0.100000000000000006
connection 35 58 -0.135083480039611459 0 0.299999999999999989 0.100000000000000006
connection 36 58 -2.400277972781623248 0 0.299999999999999989 0.100000000000000006
connection 37 58 0.179866748629137874 0 0.299999999999999989 0.100000000000000006
connection 38 58 0.245580982416868210 0 0.299999999999999989 0.100000000000000006
connection 39 58 -1.466138778283493593 0 0.299999999999999989 0.100000000000000006
connection 40 58 -1.019113208879389276 0 0.299999999999999989 0.100000000000000006
connection 41 58 -3.281922766356728971 0 0.299999999999999989 0.100000000000000006
connection 42 58 2.438956990048609441 0 0.299999999999999989 0.100000000000000006
connection 43 58 1.400586305266187992 0 0.299999999999999989 0.100000000000000006
connection 44 58 0.071363323368132114 0 0.299999999999999989 0.100000000000000006
connection 45 58 -0.356670019449666142 0 0.299999999999999989 0.100000000000000006
connection 46 58 0.135530833853408694 0 0.299999999999999989 0.100000000000000006
connection 47 58 -2.204193209472578019 0 0.299999999999999989 0.100000000000000006
connection 0 59 -1.213780602658516727 0 0.299999999999999989 0.100000000000000006
connection 1 59 2.163386066138627939 0 0.299999999999999989 0.100000000000000006
connection 2 59 -0.192020698450505733 0 0.299999999999999989 0.100000000000000006
connection 3 59 2.494161764196178410 0 0.299999999999999989 0.100000000000000006
connection 4 59 -2.041997546177299228 0 0.299999999999999989 0.100000000000000006
connection 5 59 -2.011647799634374678 0 0.299999999999999989 0.100000000000000006
connection 6 59 -1.503114662147709168 0 0.299999999999999989 0.100000000000000006
connection 7 59 1.049479777459055185 0 0.299999999999999989 0.100000000000000006
connection 8 59 1.025410668225958943 0 0.299999999999999989 0.100000000000000006
connection 9 59 -6.089565220652730204 0 0.299999999999999989 0.100000000000000006
connection 10 59 -0.237942671985365450 0 0.299999999999999989 0.100000000000000006
connection 11 59 -0.693718990340130404 0 0.299999999999999989 0.100000000000000006
connection 12 59 0.056858191732317209 0 0.299999999999999989 0.100000000000000006
connection 13 59 -0.344220884609967470 0 0.299999999999999989 0.100000000000000006
connection 14 59 0.376455881516449153 0 0.299999999999999989 0.100000000000000006
connection 15 59 0.044921273831278086 0 0.299999999999999989 0.100000000000000006
connection 16 59 -1.941149129823315889 0 0.299999999999999989 0.100000000000000006
connection 17 59 0.072673917282372713 0 0.299999999999999989 0.100000000000000006
connection 18 59 0.494449767516925931 0 0.299999999999999989 0.100000000000000006
connection 19 59 -0.038264437458565226 0 0.299999999999999989 0.100000000000000006
connection 20 59 -3.074093457864364609 0 0.299999999999999989 0.100000000000000006
connection 21 59 -0.634731531994475517 0 0.299999999999999989 0.100000000000000006
connection 22 59 -2.428329796763136983 0 0.299999999999999989 0.100000000000000006
connection 23 59 0.389244335325201973 0 0.299999999999999989 0.100000000000000006
connection 24 59 -0.606336114811711013 0 0.299999999999999989 0.100000000000000006
connection 25 59 -0.431917184498161077 0 0.299999999999999989 0.100000000000000006
connection 26 59 -0.063368101686137379 0 0.299999999999999989 0.100000000000000006
connection 27 59 -0.309673181269317865 0 0.299999999999999989 0.100000000000000006
connection 28 59 -0.894267595896963030 0 0.299999999999999989 0.100000000000000006
connection 29 59 0.167906136484816670 0 0.299999999999999989 0.100000000000000006
connection 30 59 -0.372781480429694057 0 0.299999999999999989 0.100000000000000006
connection 31 59 -2.001712695127935149 0 0.299999999999999989 0.100000000000000006
connection 32 59 0.161249672726626159 0 0.299999999999999989 0.100000000000000006
connection 33 59 1.322689914326474536 0 0.299999999999999989 0.100000000000000006
connection 34 59 -4.654057911859126762 0 0.299999999999999989 0.100000000000000006
connection 36 59 0.370979816652834415 0 0.299999999999999989 0.100000000000000006
connection 37 59 -0.031288695736293448 0 0.299999999999999989 0.100000000000000006
connection 38 59 2.791349581057147589 0 0.299999999999999989 0.100000000000000006
connection 39 59 -1.764730890339706093 0 0.299999999999999989 0.100000000000000006
connection 40 59 1.031985250767320395 0 0.299999999999999989 0.100000000000000006
connection 41 59 -0.650509218983643223 0 0.299999999999999989 0.100000000000000006
connection 42 59 -4.351719594362293719 0 0.299999999999999989 0.100000000000000006
connection 43 59 2.756598131905775517 0 0.299999999999999989 0.100000000000000006
connection 44 59 1.474861199691076763 0 0.299999999999999989 0.100000000000000006
connection 45 59 -0.220329379895702004 0 0.299999999999999989 0.100000000000000006
connection 46 59 -1.280505601454933640 0 0.299999999999999989 0.100000000000000006
connection 47 59 2.716830305173061788 0 0.299999999999999989 0.100000000000000006
connection 0 60 -0.648602446657605469 0 0.299999999999999989 0.100000000000000006
connection 1 60 -1.318963069643359631 0 0.299999999999999989 0.100000000000000006
connection 2 60 -0.080686731962487102 0 0.299999999999999989 0.100000000000000006
connection 3 60 0.929086125455796719 0 0.299999999999999989 0.100000000000000006
connection 4 60 4.399616868846351281 0 0.299999999999999989 0.100000000000000006
connection 5 60 2.018697218751185574 0 0.299999999999999989 0.100000000000000006
connection 6 60 1.400916001934092492 0 0.299999999999999989 0.100000000000000006
connection 7 60 -0.110875814920291305 0 0.299999999999999989 0.100000000000000006
connection 8 60 0.976918377215042710 0 0.299999999999999989 0.100000000000000006
connection 9 60 -0.509905758081004024 0 0.299999999999999989 0.100000000000000006
connection 10 60 -0.082671804586425424 0 0.299999999999999989 0.100000000000000006
connection 11 60 -0.115637541050091386 0 0.299999999999999989 0.100000000000000006
connection 12 60 0.187902439152821898 0 0.299999999999999989 0.100000000000000006
connection 13 60 -0.311276054708287120 0 0.299999999999999989 0.100000000000000006
connection 14 60 -0.888633286464028060 0 0.299999999999999989 0.100000000000000006
connection 15 60 -0.227565762354061007 0 0.299999999999999989 0.100000000000000006
connection 16 60 -0.164599587675184011 0 0.299999999999999989 0.100000000000000006
connection 17 60 -1.605276189409778453 0 0.299999999999999989 0.100000000000000006
connection 19 60 -0.279196962721471209 0 0.299999999999999989 0.100000000000000006
connection 21 60 -2.195804801798658445 0 0.299999999999999989 0.100000000000000006
connection 22 60 -0.781301898023230024 0 0.299999999999999989 0.100000000000000006
connection 23 60 0.428168349899351597 0 0.299999999999999989 0.100000000000000006
connection 24 60 -1.040782593248877674 0 0.299999999999999989 0.100000000000000006
connection 25 60 -0.317833510518539697 0 0.299999999999999989 0.100000000000000006
connection 26 60 0.631146387895569205 0 0.299999999999999989 0.100000000000000006
connection 27 60 -0.449876771774142981 0 0.299999999999999989 0.100000000000000006
connection 28 60 -0.545503380242735147 0 0.299999999999999989 0.100000000000000006
connection 29 60 -0.483588802628219128 0 0.299999999999999989 0.100000000000000006
connection 30 60 0.850410732906311750 0 0.299999999999999989 0.100000000000000006
connection 31 60 0.202531609218567610 0 0.299999999999999989 0.100000000000000006
connection 32 60 1.439760068664327264 0 0.299999999999999989 0.100000000000000006
connection 33 60 -0.299029812566004694 0 0.299999999999999989 0.100000000000000006
connection 34 60 0.479281097184866667 0 0.299999999999999989 0.100000000000000006
connection 35 60 -1.270286616520024836 0 0.299999999999999989 0.100000000000000006
connection 36 60 -1.940505513222888112 0 0.299999999999999989 0.100000000000000006
connection 37 60 1.115470166376326233 0 0.299999999999999989 0.100000000000000006
connection 38 60 -3.753387106331501855 0 0.299999999999999989 0.100000000000000006
connection 39 60 0.736264246760356400 0 0.299999999999999989 0.100000000000000006
connection 40 60 -0.341836902545765042 0 0.299999999999999989 0.100000000000000006
connection 41 60 -2.742476774117676541 0 0.299999999999999989 0.100000000000000006
connection 42 60 2.521296273916959763 0 0.299999999999999989 0.100000000000000006
connection 43 60 0.778095469344407320 0 0.299999999999999989 0.100000000000000006
connection 44 60 0.625023449771106243 0 0.299999999999999989 0.100000000000000006
connection 45 60 0.938004046874993946 0 0.299999999999999989 0.100000000000000006
connection 46 60 -0.841633489704690874 0 0.299999999999999989 0.100000000000000006
connection 47 60 -0.800992786651477218 0 0.299999999999999989 0.100000000000000006
connection 0 61 -2.782066390740510542 0 0.299999999999999989 0.100000000000000006
connection 1 61 -1.492458455191808753 0 0.299999999999999989 0.100000000000000006
connection 2 61 -0.361327482494743890 0 0.299999999999999989 0.100000000000000006
connection 3 61 0.175109101081034169 0 0.299999999999999989 0.100000000000000006
connection 4 61 -0.757495836587622762 0 0.299999999999999989 0.100000000000000006
connection 5 61 -0.867479506714516901 0 0.299999999999999989 0.100000000000000006
connection 8 61 -0.491983830230310559 0 0.299999999999999989 0.100000000000000006
connection 9 61 -0.219474934507161379 0 0.299999999999999989 0.100000000000000006
connection 10 61 0.538088171044364572 0 0.299999999999999989 0.100000000000000006
connection 11 61 -0.475268724374473095 0 0.299999999999999989 0.100000000000000006
connection 13 61 -0.241738122887909412 0 0.299999999999999989 0.100000000000000006
connection 14 61 -0.406580741051584482 0 0.299999999999999989 0.100000000000000006
connection 15 61 -0.170159272616729140 0 0.299999999999999989 0.100000000000000006
connection 16 61 -0.670806162663211580 0 0.299999999999999989 0.100000000000000006
connection 17 61 2.865772331169864628 0 0.299999999999999989 0.100000000000000006
connection 18 61 -1.008316271123476326 0 0.299999999999999989 0.100000000000000006
connection 19 61 0.038320775842294097 0 0.299999999999999989 0.100000000000000006
connection 20 61 0.005334491375833750 0 0.299999999999999989 0.100000000000000006
connection 21 61 -0.432144980644807220 0 0.299999999999999989 0.100000000000000006
connection 22 61 0.612580974262527889 0 0.299999999999999989 0.100000000000000006
connection 23 61 0.046800305222859606 0 0.299999999999999989 0.100000000000000006
connection 24 61 0.591179934795945883 0 0.299999999999999989 0.100000000000000006
connection 25 61 -0.459686445537954569 0 0.299999999999999989 0.100000000000000006
connection 26 61 -0.610118335229344666 0 0.299999999999999989 0.100000000000000006
connection 27 61 -0.296178344011423178 0 0.299999999999999989 0.100000000000000006
connection 28 61 0.773313468256674241 0 0.299999999999999989 0.100000000000000006
connection 29 61 0.096899223979562521 0 0.299999999999999989 0.100000000000000006
connection 30 61 -0.008849216625094414 0 0.299999999999999989 0.100000000000000006
connection 31 61 -0.542098424164578319 0 0.299999999999999989 0.100000000000000006
connection 32 61 -0.342213608106249012 0 0.299999999999999989 0.100000000000000006
connection 33 61 0.453168996376916766 0 0.299999999999999989 0.100000000000000006
connection 34 61 -0.897468680966994725 0 0.299999999999999989 0.100000000000000006
connection 35 61 -1.118213254070724361 0 0.299999999999999989 0.100000000000000006
connection 36 61 0.025295854313299060 0 0.299999999999999989 0.100000000000000006
connection 38 61 1.991419458732707426 0 0.299999999999999989 0.100000000000000006
connection 39 61 0.351118443068116903 0 0.299999999999999989 0.100000000000000006
connection 40 61 1.578600761014968157 0 0.299999999999999989 0.100000000000000006
connection 41 61 1.173483911057701334 0 0.299999999999999989 0.100000000000000006
connection 42 61 -2.902990806105663069 0 0.299999999999999989 0.100000000000000006
connection 43 61 1.130040203628595918 0 0.299999999999999989 0.100000000000000006
connection 44 61 -0.412860823329538107 0 0.299999999999999989 0.100000000000000006
connection 45 61 -1.917684297251980752 0 0.299999999999999989 0.100000000000000006
connection 46 61 0.414980401517823339 0 0.299999999999999989 0.100000000000000006
connection 47 61 -0.331861392362043262 0 0.299999999999999989 0.100000000000000006
connection 1 62 0.677700068568810821 0 0.299999999999999989 0.100000000000000006
connection 2 62 0.253332759952172637 0 0.299999999999999989 0.100000000000000006
connection 3 62 -1.524791865143924952 0 0.299999999999999989 0.100000000000000006
connection 4 62 1.357301992131397128 0 0.299999999999999989 0.100000000000000006
connection 5 62 0.155478143948130310 0 0.299999999999999989 0.100000000000000006
connection 6 62 0.521143562276847661 0 0.299999999999999989 0.100000000000000006
connection 7 62 0.994965251069515944 0 0.299999999999999989 0.100000000000000006
connection 8 62 0.860950696282088757 0 0.299999999999999989 0.100000000000000006
connection 9 62 1.437988475474412553 0 0.299999999999999989 0.100000000000000006
connection 10 62 3.902327551179041620 0 0.299999999999999989 0.100000000000000006
connection 11 62 0.547551927156746387 0 0.299999999999999989 0.100000000000000006
connection 12 62 -0.537945938529446721 0 0.299999999999999989 0.100000000000000006
connection 13 62 0.472153878246899694 0 0.299999999999999989 0.100000000000000006
connection 14 62 -1.429884051671251655 0 0.299999999999999989 0.100000000000000006
connection 15 62 0.104535991558805108 0 0.299999999999999989 0.100000000000000006
connection 16 62 -2.497337239819898969 0 0.299999999999999989 0.100000000000000006
connection 17 62 -0.669459021883085370 0 0.299999999999999989 0.100000000000000006
connection 18 62 3.481475555803626776 0 0.299999999999999989 0.100000000000000006
connection 19 62 -3.072379558951070067 0 0.299999999999999989 0.100000000000000006
connection 20 62 -0.187812257638142910 0 0.299999999999999989 0.100000000000000006
connection 21 62 -0.342769523616880178 0 0.299999999999999989 0.100000000000000006
connection 22 62 -2.866730630121310242 0 0.299999999999999989 0.100000000000000006
connection 23 62 -1.945784756404464133 0 0.299999999999999989 0.100000000000000006
connection 24 62 2.548479960532858968 0 0.299999999999999989 0.100000000000000006
connection 25 62 0.798806649696416571 0 0.299999999999999989 0.100000000000000006
connection 26 62 -4.630360622177249752 0 0.299999999999999989 0.100000000000000006
connection 27 62 0.102681237040087581 0 0.299999999999999989 0.100000000000000006
connection 28 62 -1.663874495658092201 0 0.299999999999999989 0.100000000000000006
connection 29 62 -5.394448202307103202 0 0.299999999999999989 0.100000000000000006
connection 30 62 0.429253968570264988 0 0.299999999999999989 0.100000000000000006
connection 31 62 -7.782377725670812652 0 0.299999999999999989 0.100000000000000006
connection 32 62 -0.400472073117271066 0 0.299999999999999989 0.100000000000000006
connection 33 62 0.170005262130871415 0 0.299999999999999989 0.100000000000000006
connection 34 62 0.219834377276129089 0 0.299999999999999989 0.100000000000000006
connection 35 62 1.927272892094833878 0 0.299999999999999989 0.100000000000000006
connection 36 62 0.800298430491238832 0 0.299999999999999989 0.100000000000000006
connection 37 62 -0.332652362994849682 0 0.299999999999999989 0.100000000000000006
connection 38 62 -3.120446538620853971 0 0.299999999999999989 0.100000000000000006
connection 39 62 0.556378665070951683 0 0.299999999999999989 0.100000000000000006
connection 40 62 -0.332421084400266409 0 0.299999999999999989 0.100000000000000006
connection 41 62 0.931293356683454476 0 0.299999999999999989 0.100000000000000006
connection 42 62 2.021254575636703521 0 0.299999999999999989 0.100000000000000006
connection 43 62 -0.063732163864187896 0 0.299999999999999989 0.100000000000000006
connection 44 62 1.711340639274567366 0 0.299999999999999989 0.100000000000000006
connection 45 62 0.335461052600294352 0 0.299999999999999989 0.100000000000000006
connection 46 62 0.027588240569457412 0 0.299999999999999989 0.100000000000000006
connection 47 62 3.467945870856055990 0 0.299999999999999989 0.100000000000000006
connection 53 48 0.228540871183213312 0 0.299999999999999989 0.100000000000000006
connection 54 48 0.084993173135444522 0 0.299999999999999989 0.100000000000000006
connection 55 48 3.237022814915690105 0 0.299999999999999989 0.100000000000000006
connection 56 48 -0.599129388108849525 0 0.299999999999999989 0.100000000000000006
connection 57 48 -0.047758353408426046 0 0.299999999999999989 0.100000000000000006
connection 59 48 -3.360482407035306096 0 0.299999999999999989 0.100000000000000006
connection 60 48 1.025655517965788022 0 0.299999999999999989 0.100000000000000006
connection 61 48 -0.906908256234601140 0 0.299999999999999989 0.100000000000000006
connection 62 48 -0.570208678953349590 0 0.299999999999999989 0.100000000000000006
connection 53 49 1.682785772307397565 0 0.299999999999999989 0.100000000000000006
connection 54 49 -2.708365526191300887 0 0.299999999999999989 0.100000000000000006
connection 55 49 0.189397293375805020 0 0.299999999999999989 0.100000000000000006
connection 56 49 -2.692043735008155636 0 0.299999999999999989 0.100000000000000006
connection 57 49 -0.019020350999198854 0 0.299999999999999989 0.100000000000000006
connection 58 49 0.229098409763537347 0 0.299999999999999989 0.100000000000000006
connection 59 49 2.311862396076321602 0 0.299999999999999989 0.100000000000000006
connection 60 49 -1.193385347025468946 0 0.299999999999999989 0.100000000000000006
connection 62 49 -0.711937202046101447 0 0.299999999999999989 0.100000000000000006
connection 53 50 1.810152374091558158 0 0.299999999999999989 0.100000000000000006
connection 54 50 -0.645749656483530998 0 0.299999999999999989 0.100000000000000006
connection 55 50 0.318519160849973559 0 0.299999999999999989 0.100000000000000006
connection 56 50 0.224295161897316575 0 0.299999999999999989 0.100000000000000006
connection 57 50 0.435372197069227695 0 0.299999999999999989 0.100000000000000006
connection 58 50 1.109785216383897932 0 0.299999999999999989 0.100000000000000006
connection 59 50 0.435925617814064026 0 0.299999999999999989 0.100000000000000006
connection 60 50 -1.373194355284795165 0 0.299999999999999989 0.100000000000000006
connection 61 50 0.667375804856419563 0 0.299999999999999989 0.100000000000000006
connection 62 50 -0.785886766854673624 0 0.299999999999999989 0.100000000000000006
connection 53 51 1.365533348813187331 0 0.299999999999999989 0.100000000000000006
connection 54 51 0.936250092920090538 0 0.299999999999999989 0.100000000000000006
connection 55 51 0.332250969717279077 0 0.299999999999999989 0.100000000000000006
connection 56 51 1.055101646343246102 0 0.299999999999999989 0.100000000000000006
connection 57 51 1.589880273313610815 0 0.299999999999999989 0.100000000000000006
connection 58 51 -2.541958588379202411 0 0.299999999999999989 0.100000000000000006
connection 59 51 1.296156860073097050 0 0.299999999999999989 0.100000000000000006
connection 60 51 -0.258604899281635880 0 0.299999999999999989 0.100000000000000006
connection 61 51 0.957811158703407273 0 0.299999999999999989 0.100000000000000006
connection 62 51 -1.549252462340518832 0 0.299999999999999989 0.100000000000000006
connection 54 52 -0.326866687857545912 0 0.299999999999999989 0.100000000000000006
connection 55 52 0.161453750217333436 0 0.299999999999999989 0.100000000000000006
connection 56 52 -1.573770076502114534 0 0.299999999999999989 0.100000000000000006
connection 57 52 0.329123849049210548 0 0.299999999999999989 0.100000000000000006
connection 58 52 -0.594840647332603112 0 0.299999999999999989 0.100000000000000006
connection 59 52 -0.227042108075693250 0 0.299999999999999989 0.100000000000000006
connection 60 52 0.052707585506141186 0 0.299999999999999989 0.100000000000000006
connection 61 52 -1.620986875263042748 0 0.299999999999999989 0.100000000000000006
connection 62 52 1.407665878621628508 0 0.299999999999999989 0.100000000000000006
connection 47 48 -3.589947214037238155 0 0.299999999999999989 0.100000000000000006
connection 47 49 -0.657793361926451325 0 0.299999999999999989 0.100000000000000006
connection 47 50 -0.276903347810730338 0 0.299999999999999989 0.100000000000000006
connection 47 51 0.125582446111366153 0 0.299999999999999989 0.100000000000000006
connection 47 52 1.078822439798386768 0 0.299999999999999989 0.100000000000000006
connection 49 56 -0.462005469569703564 1 0.299999999999999989 0.100000000000000006
connection 50 56 -0.171778059331700206 1 0.299999999999999989 0.100000000000000006
connection 35 52 0.228199288889300078 0 0.299999999999999989 0.100000000000000006
connection 22 49 -0.732406205264851451 0 0.299999999999999989 0.100000000000000006
connection 40 51 -1.424458620080258697 0 0.299999999999999989 0.100000000000000006
connection 48 57 -2.233677969546988606 1 0.299999999999999989 0.100000000000000006
connection 36 49 -2.410414459882304072 0 0.299999999999999989 0.100000000000000006
connection 56 61 -0.598859413061290979 0 0.299999999999999989 0.100000000000000006
connection 59 55 -1.379589052579831332 0 0.299999999999999989 0.100000000000000006
connection 27 50 2.549793181569839362 0 0.299999999999999989 0.100000000000000006
connection 54 58 0.462967493571341038 0 0.299999999999999989 0.100000000000000006
connection 16 51 0.101648557698354125 0 0.299999999999999989 0.100000000000000006
connection 18 49 -0.470150280918460339 0 0.299999999999999989 0.100000000000000006
connection 13 51 -0.035785794025287032 0 0.299999999999999989 0.100000000000000006
connection 13 52 4.034972561134054558 0 0.299999999999999989 0.100000000000000006
connection 21 48 0.154272061074152589 0 0.299999999999999989 0.100000000000000006
connection 55 60 1.533312814077362418 0 0.299999999999999989 0.100000000000000006
connection 31 50 3.336135398145415820 0 0.299999999999999989 0.100000000000000006
connection 6 63 1.090235110023058951 0 0.299999999999999989 0.100000000000000006
connection 63 61 -0.027856019325554371 0 0.299999999999999989 0.100000000000000006
connection 49 63 -1.125762665062211454 1 0.299999999999999989 0.100000000000000006
connection 0 52 0.676869349670596421 0 0.299999999999999989 0.100000000000000006
connection 33 49 -3.258901929584681056 0 0.299999999999999989 0.100000000000000006
connection 10 64 0.189520266372710466 0 0.299999999999999989 0.100000000000000006
connection 64 56 -0.054446236230432987 0 0.299999999999999989 0.100000000000000006
connection 38 65 -2.312955091707408428 0 0.299999999999999989 0.100000000000000006
connection 65 54 0.565817752387374640 0 0.299999999999999989 0.100000000000000006
connection 64 61 0.463918073335662484 0 0.299999999999999989 0.100000000000000006
connection 27 52 -0.143710489617660642 0 0.299999999999999989 0.100000000000000006
connection 27 51 -0.194993180921301246 0 0.299999999999999989 0.100000000000000006
connection 51 64 -5.036940799611329567 1 0.299999999999999989 0.100000000000000006
connection 32 51 0.848690816666930914 0 0.299999999999999989 0.100000000000000006
connection 29 51 2.243953360448358580 0 0.299999999999999989 0.100000000000000006
connection 8 64 1.374664492148440331 0 0.299999999999999989 0.100000000000000006
connection 58 55 -0.133653844939544797 0 0.299999999999999989 0.100000000000000006
connection 17 50 1.404427500878227875 0 0.299999999999999989 0.100000000000000006
connection 53 64 -0.023895975900813937 1 0.299999999999999989 0.100000000000000006
connection 16 48 -0.387087936047464609 0 0.299999999999999989 0.100000000000000006
connection 43 52 -4.504184551449725404 0 0.299999999999999989 0.100000000000000006
connection 53 63 3.672022528422530740 1 0.299999999999999989 0.100000000000000006
connection 37 66 1.026711959348176606 0 0.299999999999999989 0.100000000000000006
connection 66 61 -0.238753476412966847 0 0.299999999999999989 0.100000000000000006
connection 12 67 0.343403307255357504 0 0.299999999999999989 0.100000000000000006
connection 67 61 2.956609908898826689 0 0.299999999999999989 0.100000000000000006
connection 12 64 -0.369166787917492911 0 0.299999999999999989 0.100000000000000006
connection 13 63 -0.095528051315341145 0 0.299999999999999989 0.100000000000000006
connection 60 55 0.587645467181573622 0 0.299999999999999989 0.100000000000000006
connection 42 63 0.663211590610444546 0 0.299999999999999989 0.100000000000000006
connection 34 50 -1.476249454593926203 0 0.299999999999999989 0.100000000000000006
connection 5 64 0.500338245874445420 0 0.299999999999999989 0.100000000000000006
connection 19 51 7.112461636095758877 0 0.299999999999999989 0.100000000000000006
connection 63 57 -0.306353383782152378 0 0.299999999999999989 0.100000000000000006
connection 65 53 2.111342614789464278 0 0.299999999999999989 0.100000000000000006
connection 26 68 -0.657332818140275776 0 0.299999999999999989 0.100000000000000006
connection 68 53 -0.589777356479316950 0 0.299999999999999989 0.100000000000000006
connection 29 65 0.363861452555283904 0 0.299999999999999989 0.100000000000000006
connection 12 69 -0.497640918008983135 0 0.299999999999999989 0.100000000000000006
connection 69 57 0.474925940390676260 0 0.299999999999999989 0.100000000000000006
connection 58 68 -1.876115940740419319 1 0.299999999999999989 0.100000000000000006
connection 56 65 -0.446359472349286079 1 0.299999999999999989 0.100000000000000006
connection 52 65 -2.014642463356722146 1 0.299999999999999989 0.100000000000000006
connection 7 65 -0.657715643865230959 0 0.299999999999999989 0.100000000000000006
connection 4 69 0.786519346904242411 0 0.299999999999999989 0.100000000000000006
connection 69 68 -0.601279117632657290 0 0.299999999999999989 0.100000000000000006
connection 2 70 0.544554176274687052 0 0.299999999999999989 0.100000000000000006
connection 70 55 0.369138655543792993 0 0.299999999999999989 0.100000000000000006
connection 24 48 1.136963970777287614 0 0.299999999999999989 0.100000000000000006
connection 50 60 5.852238926832797006 1 0.299999999999999989 0.100000000000000006
connection 63 69 -0.090660008834674954 0 0.299999999999999989 0.100000000000000006
connection 30 64 -0.039909202605485916 0 0.299999999999999989 0.100000000000000006
connection 65 57 0.869934275746345520 0 0.299999999999999989 0.100000000000000006
connection 35 49 0.575627541402354836 0 0.299999999999999989 0.100000000000000006
connection 51 55 -0.857738714665174484 1 0.299999999999999989 0.100000000000000006
connection 68 50 -2.749898469774052501 0 0.299999999999999989 0.100000000000000006
connection 25 71 -0.414503074483945966 0 0.299999999999999989 0.100000000000000006
connection 71 56 0.083630239125341177 0 0.299999999999999989 0.100000000000000006
connection 54 55 -0.028765445109456778 0 0.299999999999999989 0.100000000000000006
connection 65 58 -0.497386451810598373 0 0.299999999999999989 0.100000000000000006
connection 63 55 0.101124897366389632 0 0.299999999999999989 0.100000000000000006
connection 59 72 0.056900660274550319 1 0.299999999999999989 0.100000000000000006
connection 72 68 -0.087508934084326029 1 0.299999999999999989 0.100000000000000006
connection 49 68 0.271964956307783723 1 0.299999999999999989 0.100000000000000006
connection 61 62 -0.410679325694218278 0 0.299999999999999989 0.100000000000000006
connection 18 73 -0.765731639461591840 0 0.299999999999999989 0.100000000000000006
connection 73 60 -0.953148158965632319 0 0.299999999999999989 0.100000000000000006
connection 69 50 0.054290219908580184 0 0.299999999999999989 0.100000000000000006
connection 12 74 0.144265078473836184 0 0.299999999999999989 0.100000000000000006
connection 74 58 0.879993728362023830 0 0.299999999999999989 0.100000000000000006
connection 16 75 -0.058935022214427590 0 0.299999999999999989 0.100000000000000006
connection 75 58 -0.032688904786482453 0 0.299999999999999989 0.100000000000000006
connection 40 73 0.452263634186238050 0 0.299999999999999989 0.100000000000000006
connection 29 75 -0.125018860446289182 0 0.299999999999999989 0.100000000000000006
connection 71 51 0.554045549361035228 0 0.299999999999999989 0.100000000000000006
connection 68 71 -0.604940851684659719 0 0.299999999999999989 0.100000000000000006
connection 50 63 -0.520115198101848364 1 0.299999999999999989 0.100000000000000006
connection 31 71 0.449728671927005053 0 0.299999999999999989 0.100000000000000006
connection 1 76 -0.319213132373988628 0 0.299999999999999989 0.100000000000000006
connection 76 49 -0.234729579882696271 0 0.299999999999999989 0.100000000000000006
connection 40 71 -0.450780627783387899 0 0.299999999999999989 0.100000000000000006
connection 39 68 0.542966654757037759 0 0.299999999999999989 0.100000000000000006
connection 28 77 -0.014153970638290048 0 0.299999999999999989 0.100000000000000006
connection 77 57 -0.733811813872307539 0 0.299999999999999989 0.100000000000000006
connection 32 72 -0.433615176239982247 0 0.299999999999999989 0.100000000000000006
connection 19 78 -0.035135453799739480 0 0.299999999999999989 0.100000000000000006
connection 78 57 0.231108218897134066 0 0.299999999999999989 0.100000000000000006
connection 73 72 1.732682528672739863 0 0.299999999999999989 0.100000000000000006
NNend

