NNstart
48 5
neuron 1 0.000000000000000000 0.000000000000000000 0.000000000000000000 0.000000000000000000 1 0.000000000000000000
neuron 1 0.000000000000000000 0.000000000000000000 0.000000000000000000 0.000000000000000000 1 0.000000000000000000
neuron 1 0.000000000000000000 0.000000000000000000 0.000000000000000000 0.000000000000000000 1 0.000000000000000000
neuron 1 0.000000000000000000 0.000000000000000000 0.000000000000000000 0.000000000000000000 1 0.000000000000000000
neuron 1 0.000000000000000000 0.000000000000000000 0.000000000000000000 0.000000000000000000 1 0.000000000000000000
neuron 1 0.000000000000000000 0.000000000000000000 0.000000000000000000 0.000000000000000000 1 0.000000000000000000
neuron 1 0.000000000000000000 0.000000000000000000 0.000000000000000000 0.000000000000000000 1 0.000000000000000000
neuron 1 0.000000000000000000 0.000000000000000000 0.000000000000000000 0.000000000000000000 1 0.000000000000000000
neuron 1 0.000000000000000000 0.000000000000000000 0.000000000000000000 0.000000000000000000 1 0.000000000000000000
neuron 1 0.000000000000000000 0.000000000000000000 0.000000000000000000 0.000000000000000000 1 0.000000000000000000
neuron 1 0.000000000000000000 0.000000000000000000 0.000000000000000000 0.000000000000000000 1 0.000000000000000000
neuron 1 0.000000000000000000 0.000000000000000000 0.000000000000000000 0.000000000000000000 1 0.000000000000000000
neuron 1 0.000000000000000000 0.000000000000000000 0.000000000000000000 0.000000000000000000 1 0.000000000000000000
neuron 1 0.000000000000000000 0.000000000000000000 0.000000000000000000 0.000000000000000000 1 0.000000000000000000
neuron 1 0.000000000000000000 0.000000000000000000 0.000000000000000000 0.000000000000000000 1 0.000000000000000000
neuron 1 0.000000000000000000 0.000000000000000000 0.000000000000000000 0.000000000000000000 1 0.000000000000000000
neuron 1 0.000000000000000000 0.000000000000000000 0.000000000000000000 0.000000000000000000 1 0.000000000000000000
neuron 1 0.000000000000000000 0.000000000000000000 0.000000000000000000 0.000000000000000000 1 0.000000000000000000
neuron 1 0.000000000000000000 0.000000000000000000 0.000000000000000000 0.000000000000000000 1 0.000000000000000000
neuron 1 0.000000000000000000 0.000000000000000000 0.000000000000000000 0.000000000000000000 1 0.000000000000000000
neuron 1 0.000000000000000000 0.000000000000000000 0.000000000000000000 0.000000000000000000 1 0.000000000000000000
neuron 1 0.000000000000000000 0.000000000000000000 0.000000000000000000 0.000000000000000000 1 0.000000000000000000
neuron 1 0.000000000000000000 0.000000000000000000 0.000000000000000000 0.000000000000000000 1 0.000000000000000000
neuron 1 0.000000000000000000 0.000000000000000000 0.000000000000000000 0.000000000000000000 1 0.000000000000000000
neuron 1 0.000000000000000000 0.000000000000000000 0.000000000000000000 0.000000000000000000 1 0.000000000000000000
neuron 1 0.000000000000000000 0.000000000000000000 0.000000000000000000 0.000000000000000000 1 0.000000000000000000
neuron 1 0.000000000000000000 0.000000000000000000 0.000000000000000000 0.000000000000000000 1 0.000000000000000000
neuron 1 0.000000000000000000 0.000000000000000000 0.000000000000000000 0.000000000000000000 1 0.000000000000000000
neuron 1 0.000000000000000000 0.000000000000000000 0.000000000000000000 0.000000000000000000 1 0.000000000000000000
neuron 1 0.000000000000000000 0.000000000000000000 0.000000000000000000 0.000000000000000000 1 0.000000000000000000
neuron 1 0.000000000000000000 0.000000000000000000 0.000000000000000000 0.000000000000000000 1 0.000000000000000000
neuron 1 0.000000000000000000 0.000000000000000000 0.000000000000000000 0.000000000000000000 1 0.000000000000000000
neuron 1 0.000000000000000000 0.000000000000000000 0.000000000000000000 0.000000000000000000 1 0.000000000000000000
neuron 1 0.000000000000000000 0.000000000000000000 0.000000000000000000 0.000000000000000000 1 0.000000000000000000
neuron 1 0.000000000000000000 0.000000000000000000 0.000000000000000000 0.000000000000000000 1 0.000000000000000000
neuron 1 0.000000000000000000 0.000000000000000000 0.000000000000000000 0.000000000000000000 1 0.000000000000000000
neuron 1 0.000000000000000000 0.000000000000000000 0.000000000000000000 0.000000000000000000 1 0.000000000000000000
neuron 1 0.000000000000000000 0.000000000000000000 0.000000000000000000 0.000000000000000000 1 0.000000000000000000
neuron 1 0.000000000000000000 0.000000000000000000 0.000000000000000000 0.000000000000000000 1 0.000000000000000000
neuron 1 0.000000000000000000 0.000000000000000000 0.000000000000000000 0.000000000000000000 1 0.000000000000000000
neuron 1 0.000000000000000000 0.000000000000000000 0.000000000000000000 0.000000000000000000 1 0.000000000000000000
neuron 1 0.000000000000000000 0.000000000000000000 0.000000000000000000 0.000000000000000000 1 0.000000000000000000
neuron 1 0.000000000000000000 0.000000000000000000 0.000000000000000000 0.000000000000000000 1 0.000000000000000000
neuron 1 0.000000000000000000 0.000000000000000000 0.000000000000000000 0.000000000000000000 1 0.000000000000000000
neuron 1 0.000000000000000000 0.000000000000000000 0.000000000000000000 0.000000000000000000 1 0.000000000000000000
neuron 1 0.000000000000000000 0.000000000000000000 0.000000000000000000 0.000000000000000000 1 0.000000000000000000
neuron 1 0.000000000000000000 0.000000000000000000 0.000000000000000000 0.000000000000000000 1 0.000000000000000000
neuron 2 0.000000000000000000 0.000000000000000000 0.000000000000000000 0.000000000000000000 1 0.000000000000000000
neuron 4 1.000000000000000000 0.000000000000000000 0.000000000000000000 0.000000000000000000 1 1.000000000000000000
neuron 4 1.000000000000000000 0.000000000000000000 0.000000000000000000 0.000000000000000000 1 1.000000000000000000
neuron 4 1.000000000000000000 0.000000000000000000 0.000000000000000000 0.000000000000000000 1 1.000000000000000000
neuron 4 1.000000000000000000 0.000000000000000000 0.000000000000000000 0.000000000000000000 1 1.000000000000000000
neuron 4 1.000000000000000000 0.000000000000000000 0.000000000000000000 0.000000000000000000 1 1.000000000000000000
neuron 3 1.000000000000000000 0.000000000000000000 0.000000000000000000 0.000000000000000000 1 0.500000000000000000
neuron 3 1.000000000000000000 0.000000000000000000 0.000000000000000000 0.000000000000000000 1 0.500000000000000000
neuron 3 1.000000000000000000 0.000000000000000000 0.000000000000000000 0.000000000000000000 1 0.500000000000000000
neuron 3 1.000000000000000000 0.000000000000000000 0.000000000000000000 0.000000000000000000 1 0.500000000000000000
neuron 3 1.000000000000000000 0.000000000000000000 0.000000000000000000 0.000000000000000000 1 0.500000000000000000
neuron 3 1.000000000000000000 0.000000000000000000 0.000000000000000000 0.000000000000000000 1 0.500000000000000000
neuron 3 1.000000000000000000 0.000000000000000000 0.000000000000000000 0.000000000000000000 1 0.500000000000000000
neuron 3 1.000000000000000000 0.000000000000000000 0.000000000000000000 0.000000000000000000 1 0.500000000000000000
neuron 3 1.000000000000000000 0.000000000000000000 0.000000000000000000 0.000000000000000000 1 0.500000000000000000
neuron 3 1.000000000000000000 0.000000000000000000 0.000000000000000000 0.000000000000000000 1 0.500000000000000000
neuron 3 1.000000000000000000 0.000000000000000000 0.000000000000000000 0.000000000000000000 2 0.250000000000000000
neuron 3 1.000000000000000000 0.000000000000000000 0.000000000000000000 0.000000000000000000 4 0.250000000000000000
neuron 3 1.000000000000000000 0.000000000000000000 0.000000000000000000 0.000000000000000000 1 0.500000000000000000
neuron 3 1.000000000000000000 0.000000000000000000 0.000000000000000000 0.000000000000000000 1 0.250000000000000000
neuron 3 1.000000000000000000 0.000000000000000000 0.000000000000000000 0.000000000000000000 1 0.250000000000000000
neuron 3 1.000000000000000000 0.000000000000000000 0.000000000000000000 0.000000000000000000 1 0.250000000000000000
neuron 3 1.000000000000000000 0.000000000000000000 0.000000000000000000 0.000000000000000000 4 0.250000000000000000
neuron 3 1.000000000000000000 0.000000000000000000 0.000000000000000000 0.000000000000000000 2 0.250000000000000000
neuron 3 1.000000000000000000 0.000000000000000000 0.000000000000000000 0.000000000000000000 4 0.250000000000000000
neuron 3 1.000000000000000000 0.000000000000000000 0.000000000000000000 0.000000000000000000 2 0.250000000000000000
neuron 3 1.000000000000000000 0.000000000000000000 0.000000000000000000 0.000000000000000000 1 0.250000000000000000
neuron 3 1.000000000000000000 0.000000000000000000 0.000000000000000000 0.000000000000000000 4 0.250000000000000000
neuron 3 1.000000000000000000 0.000000000000000000 0.000000000000000000 0.000000000000000000 4 0.250000000000000000
neuron 3 1.000000000000000000 0.000000000000000000 0.000000000000000000 0.000000000000000000 1 0.250000000000000000
neuron 3 1.000000000000000000 0.000000000000000000 0.000000000000000000 0.000000000000000000 4 0.750000000000000000
neuron 3 1.000000000000000000 0.000000000000000000 0.000000000000000000 0.000000000000000000 1 0.250000000000000000
neuron 3 1.000000000000000000 0.000000000000000000 0.000000000000000000 0.000000000000000000 1 0.250000000000000000
neuron 3 1.000000000000000000 0.000000000000000000 0.000000000000000000 0.000000000000000000 1 0.250000000000000000
neuron 3 1.000000000000000000 0.000000000000000000 0.000000000000000000 0.000000000000000000 1 0.250000000000000000
neuron 3 1.000000000000000000 0.000000000000000000 0.000000000000000000 0.000000000000000000 4 0.250000000000000000
connection 0 53 -2.054110194534587208 0 0.299999999999999989 0.100000000000000006
connection 1 53 -2.579874878319969866 0 0.299999999999999989 0.100000000000000006
connection 2 53 -1.874523455124290194 0 0.299999999999999989 0.100000000000000006
connection 3 53 -0.435879042444867082 0 0.299999999999999989 0.100000000000000006
connection 4 53 -0.004963777202647179 0 0.299999999999999989 0.100000000000000006
connection 5 53 0.259030884364619851 0 0.299999999999999989 0.100000000000000006
connection 6 53 1.055804848154366482 0 0.299999999999999989 0.100000000000000006
connection 7 53 -0.893449258233886212 0 0.299999999999999989 0.100000000000000006
connection 9 53 -1.761544830238563009 0 0.299999999999999989 0.100000000000000006
connection 11 53 1.128785935230553150 0 0.299999999999999989 0.100000000000000006
connection 12 53 -2.266750597977079451 0 0.299999999999999989 0.100000000000000006
connection 13 53 2.137366873532300815 0 0.299999999999999989 0.100000000000000006
connection 15 53 -0.173080659805691539 0 0.299999999999999989 0.100000000000000006
connection 16 53 -2.219535177282523364 0 0.299999999999999989 0.100000000000000006
connection 17 53 0.028132382780313492 0 0.299999999999999989 0.100000000000000006
connection 19 53 -2.634319669411524956 0 0.299999999999999989 0.100000000000000006
connection 20 53 -0.040047945920377970 0 0.299999999999999989 0.100000000000000006
connection 21 53 -0.994760706089437008 0 0.299999999999999989 0.100000000000000006
connection 22 53 0.312682871590368450 0 0.299999999999999989 0.100000000000000006
connection 23 53 -1.545749208744382486 0 0.299999999999999989 0.100000000000000006
connection 24 53 -0.451826522046758328 0 0.299999999999999989 0.100000000000000006
connection 25 53 2.115011945701553486 0 0.299999999999999989 0.100000000000000006
connection 26 53 0.080007817130535841 0 0.299999999999999989 0.100000000000000006
connection 27 53 2.108591519878245890 0 0.299999999999999989 0.100000000000000006
connection 28 53 -0.113618330797180533 0 0.299999999999999989 0.100000000000000006
connection 29 53 -0.185760013642720878 0 0.299999999999999989 0.100000000000000006
connection 30 53 0.387185705127194524 0 0.299999999999999989 0.100000000000000006
connection 31 53 -2.869189975608605891 0 0.299999999999999989 0.100000000000000006
connection 32 53 2.895745010580867529 0 0.299999999999999989 0.100000000000000006
connection 33 53 3.366941140891867690 0 0.299999999999999989 0.100000000000000006
connection 35 53 -0.614630431762634544 0 0.299999999999999989 0.100000000000000006
connection 36 53 -0.949854429592960514 0 0.299999999999999989 0.100000000000000006
connection 37 53 0.413283306639641523 0 0.299999999999999989 0.100000000000000006
connection 38 53 -2.079980525585597206 0 0.299999999999999989 0.100000000000000006
connection 39 53 -0.376858228381024674 0 0.299999999999999989 0.100000000000000006
connection 40 53 -0.267026195768266916 0 0.299999999999999989 0.100000000000000006
connection 41 53 2.082976042425798369 0 0.299999999999999989 0.100000000000000006
connection 42 53 1.185497350001242012 0 0.299999999999999989 0.100000000000000006
connection 43 53 -0.743966639507561922 0 0.299999999999999989 0.100000000000000006
connection 44 53 -0.010353491932619363 0 0.299999999999999989 0.100000000000000006
connection 45 53 -0.525594009959604591 0 0.299999999999999989 0.100000000000000006
connection 46 53 0.403202474466525018 0 0.299999999999999989 0.100000000000000006
connection 47 53 -1.689253406977513805 0 0.299999999999999989 0.100000000000000006
connection 0 54 1.264031018712557852 0 0.299999999999999989 0.100000000000000006
connection 1 54 2.910830372486088891 0 0.299999999999999989 0.100000000000000006
connection 2 54 3.096081637741008308 0 0.299999999999999989 0.100000000000000006
connection 3 54 -2.342240704048890620 0 0.299999999999999989 0.100000000000000006
connection 4 54 -2.052884598298987839 0 0.299999999999999989 0.100000000000000006
connection 5 54 0.111530177760869265 0 0.299999999999999989 0.100000000000000006
connection 6 54 3.101516582066324190 0 0.299999999999999989 0.100000000000000006
connection 7 54 0.656244655881891958 0 0.299999999999999989 0.100000000000000006
connection 8 54 -0.687647801707498729 0 0.299999999999999989 0.100000000000000006
connection 9 54 0.086761106969788671 0 0.299999999999999989 0.100000000000000006
connection 10 54 0.851106558577157557 0 0.299999999999999989 0.100000000000000006
connection 11 54 -1.554777121255014549 0 0.299999999999999989 0.100000000000000006
connection 12 54 0.003517600474879146 0 0.299999999999999989 0.100000000000000006
connection 13 54 -1.898243484756676480 0 0.299999999999999989 0.100000000000000006
connection 14 54 -1.516145198402227834 0 0.299999999999999989 0.100000000000000006
connection 15 54 -3.573243303471826948 0 0.299999999999999989 0.100000000000000006
connection 16 54 3.747362075722776353 0 0.299999999999999989 0.100000000000000006
connection 17 54 0.501591200860275421 0 0.299999999999999989 0.100000000000000006
connection 18 54 -0.491135781194316223 0 0.299999999999999989 0.100000000000000006
connection 19 54 -0.541506018722429872 0 0.299999999999999989 0.100000000000000006
connection 21 54 0.912314599423552863 0 0.299999999999999989 0.100000000000000006
connection 23 54 0.244895375595660880 0 0.299999999999999989 0.100000000000000006
connection 24 54 2.335506438397715101 0 0.299999999999999989 0.100000000000000006
connection 25 54 2.649155740189598873 0 0.299999999999999989 0.100000000000000006
connection 26 54 0.263742955328780226 0 0.299999999999999989 0.100000000000000006
connection 27 54 0.430469150189310312 0 0.299999999999999989 0.100000000000000006
connection 28 54 0.654711180337471887 0 0.299999999999999989 0.100000000000000006
connection 29 54 0.094627375357958954 0 0.299999999999999989 0.100000000000000006
connection 30 54 -0.211263614939525723 0 0.299999999999999989 0.100000000000000006
connection 31 54 0.742060026255785488 0 0.299999999999999989 0.100000000000000006
connection 33 54 0.054518863093107939 0 0.299999999999999989 0.100000000000000006
connection 34 54 0.135636679595336318 0 0.299999999999999989 0.100000000000000006
connection 35 54 -0.440102358596050180 0 0.299999999999999989 0.100000000000000006
connection 36 54 0.771990640554577112 0 0.299999999999999989 0.100000000000000006
connection 37 54 0.007018441567197442 0 0.299999999999999989 0.100000000000000006
connection 39 54 0.348384107695892453 0 0.299999999999999989 0.100000000000000006
connection 40 54 -1.487295184895629063 0 0.299999999999999989 0.100000000000000006
connection 41 54 -1.051681460696272552 0 0.299999999999999989 0.100000000000000006
connection 42 54 1.496030177222564816 0 0.299999999999999989 0.100000000000000006
connection 43 54 2.309170782595174387 0 0.299999999999999989 0.100000000000000006
connection 44 54 -0.246629566885530949 0 0.299999999999999989 0.100000000000000006
connection 45 54 0.363312720088288188 0 0.299999999999999989 0.100000000000000006
connection 46 54 0.817770750727504492 0 0.299999999999999989 0.100000000000000006
connection 47 54 -0.998591781477443874 0 0.299999999999999989 0.100000000000000006
connection 0 55 -0.329241356812417507 0 0.299999999999999989 0.100000000000000006
connection 1 55 1.206880556565010920 0 0.299999999999999989 0.100000000000000006
connection 2 55 1.322108629417925840 0 0.299999999999999989 0.100000000000000006
connection 3 55 1.183130173724748602 0 0.299999999999999989 0.100000000000000006
connection 4 55 -3.706209542171563953 0 0.299999999999999989 0.100000000000000006
connection 5 55 -2.897614736211835407 0 0.299999999999999989 0.100000000000000006
connection 6 55 -2.298669082287233323 0 0.299999999999999989 0.100000000000000006
connection 7 55 0.968668823654297739 0 0.299999999999999989 0.100000000000000006
connection 8 55 -0.574130207678535953 0 0.299999999999999989 0.100000000000000006
connection 9 55 -0.088448183843865991 0 0.299999999999999989 0.100000000000000006
connection 10 55 2.174818416126072407 0 0.299999999999999989 0.100000000000000006
connection 11 55 1.394475996137771290 0 0.299999999999999989 0.100000000000000006
connection 13 55 -2.542106881825020537 0 0.299999999999999989 0.100000000000000006
connection 14 55 0.962328679277561605 0 0.299999999999999989 0.100000000000000006
connection 15 55 2.504719246775493957 0 0.299999999999999989 0.100000000000000006
connection 16 55 0.850213578596594743 0 0.299999999999999989 0.100000000000000006
connection 17 55 1.392091985799197573 0 0.299999999999999989 0.100000000000000006
connection 18 55 -0.828640261097461917 0 0.299999999999999989 0.100000000000000006
connection 19 55 -0.496962108416482806 0 0.299999999999999989 0.100000000000000006
connection 20 55 1.832709280817653053 0 0.299999999999999989 0.100000000000000006
connection 21 55 1.848854861571453512 0 0.299999999999999989 0.100000000000000006
connection 22 55 0.314197572181001306 0 0.299999999999999989 0.100000000000000006
connection 23 55 0.024317506933584809 0 0.299999999999999989 0.100000000000000006
connection 24 55 -0.933036328083289845 0 0.299999999999999989 0.100000000000000006
connection 25 55 -0.459771484929660801 0 0.299999999999999989 0.100000000000000006
connection 26 55 1.443412644097406883 0 0.299999999999999989 0.100000000000000006
connection 27 55 -0.078653253847733140 0 0.299999999999999989 0.100000000000000006
connection 28 55 -0.432928637368604541 0 0.299999999999999989 0.100000000000000006
connection 29 55 -1.222958035301417112 0 0.299999999999999989 0.100000000000000006
connection 30 55 1.829509355186019093 0 0.299999999999999989 0.100000000000000006
connection 31 55 2.711652531854724657 0 0.299999999999999989 0.100000000000000006
connection 32 55 0.221052014734596014 0 0.299999999999999989 0.100000000000000006
connection 33 55 0.733266881819872651 0 0.299999999999999989 0.100000000000000006
connection 34 55 -0.216555708553642035 0 0.299999999999999989 0.100000000000000006
connection 35 55 0.697403786471113563 0 0.299999999999999989 0.100000000000000006
connection 36 55 0.790131510686478578 0 0.299999999999999989 0.100000000000000006
connection 37 55 1.014434103073654114 0 0.299999999999999989 0.100000000000000006
connection 38 55 0.520665067626396194 0 0.299999999999999989 0.100000000000000006
connection 40 55 -1.168054968176875263 0 0.299999999999999989 0.100000000000000006
connection 41 55 1.078145421226508915 0 0.299999999999999989 0.100000000000000006
connection 42 55 0.028312643524259329 0 0.299999999999999989 0.100000000000000006
connection 43 55 -0.527575037689530291 0 0.299999999999999989 0.100000000000000006
connection 44 55 -2.914519929443486035 0 0.299999999999999989 0.100000000000000006
connection 45 55 0.819102384150028229 0 0.299999999999999989 0.100000000000000006
connection 46 55 -0.989708689419785514 0 0.299999999999999989 0.100000000000000006
connection 47 55 -0.083764418261125684 0 0.299999999999999989 0.100000000000000006
connection 0 56 -0.475227320333942771 0 0.299999999999999989 0.100000000000000006
connection 2 56 -1.753845811603241600 0 0.299999999999999989 0.100000000000000006
connection 3 56 2.518275178314070217 0 0.299999999999999989 0.100000000000000006
connection 4 56 5.605221324221929535 0 0.299999999999999989 0.100000000000000006
connection 5 56 0.346750612603500485 0 0.299999999999999989 0.100000000000000006
connection 6 56 0.759079423642106121 0 0.299999999999999989 0.100000000000000006
connection 7 56 1.430060891208995599 0 0.299999999999999989 0.100000000000000006
connection 8 56 -3.011033019283786416 0 0.299999999999999989 0.100000000000000006
connection 9 56 -0.218820024514570832 0 0.299999999999999989 0.100000000000000006
connection 10 56 -0.119013727925050716 0 0.299999999999999989 0.100000000000000006
connection 11 56 -1.511480007742648013 0 0.299999999999999989 0.100000000000000006
connection 12 56 -1.514138425083729089 0 0.299999999999999989 0.100000000000000006
connection 13 56 -3.322481197481465642 0 0.299999999999999989 0.100000000000000006
connection 14 56 -0.756613984936848283 0 0.299999999999999989 0.100000000000000006
connection 15 56 -0.358207194367423654 0 0.299999999999999989 0.100000000000000006
connection 16 56 -0.039806503569707274 0 0.299999999999999989 0.100000000000000006
connection 17 56 -0.142682990153844003 0 0.299999999999999989 0.100000000000000006
connection 18 56 -0.091664349893108010 0 0.299999999999999989 0.100000000000000006
connection 19 56 1.372189921792596579 0 0.299999999999999989 0.100000000000000006
connection 20 56 1.094819095218554139 0 0.299999999999999989 0.100000000000000006
connection 21 56 -0.625813098922662903 0 0.299999999999999989 0.100000000000000006
connection 22 56 0.083197080064564943 0 0.299999999999999989 0.100000000000000006
connection 23 56 -0.098267602967098355 0 0.299999999999999989 0.100000000000000006
connection 24 56 -0.186006573494523764 0 0.299999999999999989 0.100000000000000006
connection 25 56 0.610576995721203275 0 0.299999999999999989 0.100000000000000006
connection 26 56 -1.548660176340490580 0 0.299999999999999989 0.100000000000000006
connection 27 56 0.096069616032764316 0 0.299999999999999989 0.100000000000000006
connection 28 56 0.544317766558378935 0 0.299999999999999989 0.100000000000000006
connection 29 56 0.556469519855454564 0 0.299999999999999989 0.100000000000000006
connection 30 56 0.718881673471514659 0 0.299999999999999989 0.100000000000000006
connection 31 56 0.752011781209148467 0 0.299999999999999989 0.100000000000000006
connection 32 56 -0.153394521446898580 0 0.299999999999999989 0.100000000000000006
connection 33 56 -1.615743562719217152 0 0.299999999999999989 0.100000000000000006
connection 34 56 0.941275762510485947 0 0.299999999999999989 0.100000000000000006
connection 36 56 -2.032287588925100863 0 0.299999999999999989 0.100000000000000006
connection 37 56 0.505064520519226789 0 0.299999999999999989 0.100000000000000006
connection 38 56 0.833725754870101810 0 0.299999999999999989 0.100000000000000006
connection 39 56 -0.337015876197256148 0 0.299999999999999989 0.100000000000000006
connection 41 56 -0.244517223909497261 0 0.299999999999999989 0.100000000000000006
connection 42 56 0.675775079289451241 0 0.299999999999999989 0.100000000000000006
connection 43 56 3.277605427072558086 0 0.299999999999999989 0.100000000000000006
connection 44 56 -1.417145459039602429 0 0.299999999999999989 0.100000000000000006
connection 45 56 2.608068810135591775 0 0.299999999999999989 0.100000000000000006
connection 46 56 0.575888363604462938 0 0.299999999999999989 0.100000000000000006
connection 47 56 -4.035725896828807890 0 0.299999999999999989 0.100000000000000006
connection 0 57 -0.706885716877877712 0 0.299999999999999989 0.100000000000000006
connection 2 57 0.323944196105003357 0 0.299999999999999989 0.100000000000000006
connection 3 57 3.248971431079553440 0 0.299999999999999989 0.100000000000000006
connection 4 57 -0.508342429937329143 0 0.299999999999999989 0.100000000000000006
connection 5 57 -0.612287027062848210 0 0.299999999999999989 0.100000000000000006
connection 7 57 -1.386528149116202258 0 0.299999999999999989 0.100000000000000006
connection 8 57 -0.755529002686671447 0 0.299999999999999989 0.100000000000000006
connection 9 57 1.556076972512528300 0 0.299999999999999989 0.100000000000000006
connection 10 57 2.366825663048075512 0 0.299999999999999989 0.100000000000000006
connection 11 57 -1.725747323129326105 0 0.299999999999999989 0.100000000000000006
connection 12 57 -0.320046149077825248 0 0.299999999999999989 0.100000000000000006
connection 13 57 0.828608848372823559 0 0.299999999999999989 0.100000000000000006
connection 14 57 -0.104023502623022068 0 0.299999999999999989 0.100000000000000006
connection 15 57 -2.273236073975567706 0 0.299999999999999989 0.100000000000000006
connection 16 57 -0.141894962172955275 0 0.299999999999999989 0.100000000000000006
connection 17 57 -1.216813409468159080 0 0.299999999999999989 0.100000000000000006
connection 18 57 -2.463138927196268924 0 0.299999999999999989 0.100000000000000006
connection 19 57 1.410608068785222713 0 0.299999999999999989 0.100000000000000006
connection 20 57 1.923110918331076391 0 0.299999999999999989 0.100000000000000006
connection 21 57 0.649629868101328611 0 0.299999999999999989 0.100000000000000006
connection 22 57 -5.434335814876249060 0 0.299999999999999989 0.100000000000000006
connection 23 57 -0.966772182378917933 0 0.299999999999999989 0.100000000000000006
connection 24 57 1.320188754776609130 0 0.299999999999999989 0.100000000000000006
connection 25 57 -0.750404515332775190 0 0.299999999999999989 0.100000000000000006
connection 26 57 0.317917959764599800 0 0.299999999999999989 0.100000000000000006
connection 27 57 -4.232320316303230356 0 0.299999999999999989 0.100000000000000006
connection 28 57 0.085611851041903719 0 0.299999999999999989 0.100000000000000006
connection 29 57 0.521359850186854601 0 0.299999999999999989 0.100000000000000006
connection 30 57 -0.034643583305296488 0 0.299999999999999989 0.100000000000000006
connection 31 57 -3.658900348935276270 0 0.299999999999999989 0.100000000000000006
connection 32 57 0.091947364249790553 0 0.299999999999999989 0.100000000000000006
connection 33 57 -0.384576821175869554 0 0.299999999999999989 0.100000000000000006
connection 34 57 1.940410683717345819 0 0.299999999999999989 0.100000000000000006
connection 35 57 -2.489083095511887223 0 0.299999999999999989 0.100000000000000006
connection 36 57 -2.856961142599175218 0 0.299999999999999989 0.100000000000000006
connection 37 57 0.024205716879805550 0 0.299999999999999989 0.100000000000000006
connection 38 57 1.029094423800415825 0 0.299999999999999989 0.100000000000000006
connection 39 57 -0.580559031539451098 0 0.299999999999999989 0.100000000000000006
connection 40 57 6.986762675456702709 0 0.299999999999999989 0.100000000000000006
connection 41 57 4.313548523125064094 0 0.299999999999999989 0.100000000000000006
connection 42 57 0.103026547469198704 0 0.299999999999999989 0.100000000000000006
connection 43 57 -0.234159558371175081 0 0.299999999999999989 0.100000000000000006
connection 44 57 -0.028007491724565625 0 0.299999999999999989 0.100000000000000006
connection 45 57 -0.929790522844996303 0 0.299999999999999989 0.100000000000000006
connection 46 57 -0.201076964665844571 0 0.299999999999999989 0.100000000000000006
connection 47 57 -2.879704379789473023 0 0.299999999999999989 0.100000000000000006
connection 0 58 0.734496255870908499 0 0.299999999999999989 0.100000000000000006
connection 1 58 -0.328926866583060473 0 0.299999999999999989 0.100000000000000006
connection 2 58 0.842837301663166727 0 0.299999999999999989 0.100000000000000006
connection 3 58 -0.074876798607874662 0 0.299999999999999989 0.100000000000000006
connection 4 58 -2.106596772908233106 0 0.299999999999999989 0.100000000000000006
connection 5 58 -1.167946016648784280 0 0.299999999999999989 0.100000000000000006
connection 6 58 0.244985173863824457 0 0.299999999999999989 0.100000000000000006
connection 7 58 0.299738300498574972 0 0.299999999999999989 0.100000000000000006
connection 8 58 1.001029335151542909 0 0.299999999999999989 0.100000000000000006
connection 9 58 -4.255476026213727891 0 0.299999999999999989 0.100000000000000006
connection 10 58 -0.314631524961441755 0 0.299999999999999989 0.100000000000000006
connection 11 58 -1.046877953922376037 0 0.299999999999999989 0.100000000000000006
connection 12 58 0.597825498945894651 0 0.299999999999999989 0.100000000000000006
connection 13 58 1.994329540539183654 0 0.299999999999999989 0.100000000000000006
connection 14 58 0.328526572353439406 0 0.299999999999999989 0.100000000000000006
connection 15 58 -0.528783023721189238 0 0.299999999999999989 0.100000000000000006
connection 16 58 2.416866119019687176 0 0.299999999999999989 0.100000000000000006
connection 17 58 0.868429596768692136 0 0.299999999999999989 0.100000000000000006
connection 18 58 0.343706452360493131 0 0.299999999999999989 0.100000000000000006
connection 19 58 2.742432123252001475 0 0.299999999999999989 0.100000000000000006
connection 20 58 0.511518398436237476 0 0.299999999999999989 0.100000000000000006
connection 21 58 5.480733296135440469 0 0.299999999999999989 0.100000000000000006
connection 22 58 1.414881589240394533 0 0.299999999999999989 0.100000000000000006
connection 23 58 -0.172136406159552280 0 0.299999999999999989 0.100000000000000006
connection 24 58 0.325084659270942211 0 0.299999999999999989 0.100000000000000006
connection 25 58 0.232347677998404833 0 0.299999999999999989 0.100000000000000006
connection 26 58 -1.308095359127037227 0 0.299999999999999989 0.100000000000000006
connection 27 58 0.427227419102564454 0 0.299999999999999989 0.100000000000000006
connection 28 58 -0.278028828703099862 0 0.299999999999999989 0.100000000000000006
connection 29 58 0.212221044581383467 0 0.299999999999999989 0.100000000000000006
connection 30 58 0.280905398627510294 0 0.299999999999999989 0.100000000000000006
connection 31 58 -2.225770142722467426 0 0.299999999999999989 0.100000000000000006
connection 32 58 1.941660202195635065 0 0.299999999999999989 0.100000000000000006
connection 33 58 1.676835923688486218 0 0.299999999999999989 0.100000000000000006
connection 34 58 0.650658043508883566 0 0.299999999999999989 0.100000000000000006
connection 35 58 0.056908862898126245 0 0.299999999999999989 0.100000000000000006
connection 36 58 -0.350506282018614002 0 0.299999999999999989 0.100000000000000006
connection 37 58 -1.288695461684255861 0 0.299999999999999989 0.100000000000000006
connection 39 58 0.640085612991242670 0 0.299999999999999989 0.100000000000000006
connection 40 58 -3.339097305113682523 0 0.299999999999999989 0.100000000000000006
connection 41 58 2.228002110516172252 0 0.299999999999999989 0.100000000000000006
connection 42 58 2.111475885554682463 0 0.299999999999999989 0.100000000000000006
connection 43 58 1.689525850117206573 0 0.299999999999999989 0.100000000000000006
connection 46 58 1.432190655905287713 0 0.299999999999999989 0.100000000000000006
connection 47 58 -0.811859431210905313 0 0.299999999999999989 0.100000000000000006
connection 0 59 -0.369458518383908086 0 0.299999999999999989 0.100000000000000006
connection 1 59 1.590937577624572441 0 0.299999999999999989 0.100000000000000006
connection 4 59 -0.628550648732925765 0 0.299999999999999989 0.100000000000000006
connection 5 59 0.086665071023162454 0 0.299999999999999989 0.100000000000000006
connection 6 59 -0.803099282275070436 0 0.299999999999999989 0.100000000000000006
connection 7 59 -2.662670284014893696 0 0.299999999999999989 0.100000000000000006
connection 8 59 0.219842482823878527 0 0.299999999999999989 0.100000000000000006
connection 9 59 -0.647815790638560429 0 0.299999999999999989 0.100000000000000006
connection 11 59 4.085086279019378708 0 0.299999999999999989 0.100000000000000006
connection 12 59 0.617361251497641206 0 0.299999999999999989 0.100000000000000006
connection 13 59 0.237306366674602032 0 0.299999999999999989 0.100000000000000006
connection 15 59 -3.303591821240843274 0 0.299999999999999989 0.100000000000000006
connection 16 59 -0.164632334606721997 0 0.299999999999999989 0.100000000000000006
connection 17 59 0.557559448061510921 0 0.299999999999999989 0.100000000000000006
connection 19 59 -4.136092164524598047 0 0.299999999999999989 0.100000000000000006
connection 21 59 -0.845893549500033259 0 0.299999999999999989 0.100000000000000006
connection 22 59 -0.485332414275035262 0 0.299999999999999989 0.100000000000000006
connection 23 59 0.308568286971421912 0 0.299999999999999989 0.100000000000000006
connection 24 59 -1.535589431761763990 0 0.299999999999999989 0.100000000000000006
connection 25 59 -1.353662294954119716 0 0.299999999999999989 0.100000000000000006
connection 26 59 2.569007468882773537 0 0.299999999999999989 0.100000000000000006
connection 27 59 -2.995962509347009473 0 0.299999999999999989 0.100000000000000006
connection 28 59 -1.522916468296898529 0 0.299999999999999989 0.100000000000000006
connection 29 59 -0.029721228405833244 0 0.299999999999999989 0.100000000000000006
connection 30 59 0.276741733774542809 0 0.299999999999999989 0.100000000000000006
connection 31 59 1.747256327653303742 0 0.299999999999999989 0.100000000000000006
connection 32 59 -0.101429759291931987 0 0.299999999999999989 0.100000000000000006
connection 33 59 4.148093469033483416 0 0.299999999999999989 0.100000000000000006
connection 34 59 0.023862387461122125 0 0.299999999999999989 0.100000000000000006
connection 35 59 0.651862923958105966 0 0.299999999999999989 0.100000000000000006
connection 36 59 -0.482385275769047439 0 0.299999999999999989 0.100000000000000006
connection 37 59 0.506106779212132096 0 0.299999999999999989 0.100000000000000006
connection 38 59 -0.584403687622398138 0 0.299999999999999989 0.100000000000000006
connection 39 59 1.280448262463323772 0 0.299999999999999989 0.100000000000000006
connection 40 59 -1.380282413971144706 0 0.299999999999999989 0.100000000000000006
connection 41 59 -0.561051869633956812 0 0.299999999999999989 0.100000000000000006
connection 42 59 -2.096213823650032282 0 0.299999999999999989 0.100000000000000006
connection 43 59 2.544159637691336684 0 0.299999999999999989 0.100000000000000006
connection 44 59 -0.521926957997493446 0 0.299999999999999989 0.100000000000000006
connection 45 59 -0.328689978690817952 0 0.299999999999999989 0.100000000000000006
connection 46 59 0.829036880924832076 0 0.299999999999999989 0.100000000000000006
connection 47 59 1.100967272999696434 0 0.299999999999999989 0.100000000000000006
connection 0 60 -0.368865647818893194 0 0.299999999999999989 0.100000000000000006
connection 1 60 -3.785478371573844925 0 0.299999999999999989 0.100000000000000006
connection 2 60 -2.749011442356277257 0 0.299999999999999989 0.100000000000000006
connection 3 60 -0.178973960224539042 0 0.299999999999999989 0.100000000000000006
connection 4 60 -0.373598063830286264 0 0.299999999999999989 0.100000000000000006
connection 5 60 -0.886697007110342383 0 0.299999999999999989 0.100000000000000006
connection 6 60 -0.562757805222645402 0 0.299999999999999989 0.100000000000000006
connection 7 60 -1.756980409802054055 0 0.299999999999999989 0.100000000000000006
connection 8 60 -0.750557468651095405 0 0.299999999999999989 0.100000000000000006
connection 10 60 1.939405422657728195 0 0.299999999999999989 0.100000000000000006
connection 11 60 -1.089908825175371021 0 0.299999999999999989 0.100000000000000006
connection 12 60 -3.795142334434785880 0 0.299999999999999989 0.100000000000000006
connection 13 60 -0.143114291364327073 0 0.299999999999999989 0.100000000000000006
connection 15 60 -0.431952147046104074 0 0.299999999999999989 0.100000000000000006
connection 16 60 1.580837448404054157 0 0.299999999999999989 0.100000000000000006
connection 17 60 2.680984641439863481 0 0.299999999999999989 0.100000000000000006
connection 18 60 -3.527756621828302741 0 0.299999999999999989 0.100000000000000006
connection 19 60 0.622186594890081324 0 0.299999999999999989 0.100000000000000006
connection 20 60 -3.217450309552077670 0 0.299999999999999989 0.100000000000000006
connection 21 60 -0.447835224054870196 0 0.299999999999999989 0.100000000000000006
connection 23 60 1.482704309102246043 0 0.299999999999999989 0.100000000000000006
connection 24 60 -2.144967831205576658 0 0.299999999999999989 0.100000000000000006
connection 25 60 -0.519121031276881695 0 0.299999999999999989 0.100000000000000006
connection 26 60 -0.326082376763224602 0 0.299999999999999989 0.100000000000000006
connection 27 60 -2.150955506105674431 0 0.299999999999999989 0.100000000000000006
connection 28 60 -0.434310704586096108 0 0.299999999999999989 0.100000000000000006
connection 29 60 -8.000000000000000000 0 0.299999999999999989 0.100000000000000006
connection 30 60 1.355732503900071606 0 0.299999999999999989 0.100000000000000006
connection 31 60 4.126533411297714338 0 0.299999999999999989 0.100000000000000006
connection 32 60 -0.382338344712479739 0 0.299999999999999989 0.100000000000000006
connection 33 60 -0.438709612935781479 0 0.299999999999999989 0.100000000000000006
connection 34 60 5.666617323353420943 0 0.299999999999999989 0.100000000000000006
connection 35 60 -4.248177502311591525 0 0.299999999999999989 0.100000000000000006
connection 36 60 2.363243949751222317 0 0.299999999999999989 0.100000000000000006
connection 37 60 -0.820518906926736236 0 0.299999999999999989 0.100000000000000006
connection 38 60 0.722156365169212222 0 0.299999999999999989 0.100000000000000006
connection 39 60 0.180880526779219508 0 0.299999999999999989 0.100000000000000006
connection 40 60 0.042221206938847899 0 0.299999999999999989 0.100000000000000006
connection 41 60 -2.875441561976913363 0 0.299999999999999989 0.100000000000000006
connection 42 60 0.394723718287423253 0 0.299999999999999989 0.100000000000000006
connection 43 60 -2.971247610250429716 0 0.299999999999999989 0.100000000000000006
connection 44 60 0.762228827565650136 0 0.299999999999999989 0.100000000000000006
connection 45 60 4.048861482820939273 0 0.299999999999999989 0.100000000000000006
connection 46 60 3.960157708293991163 0 0.299999999999999989 0.100000000000000006
connection 47 60 0.023706665029749274 0 0.299999999999999989 0.100000000000000006
connection 1 61 -0.718436723342165351 0 0.299999999999999989 0.100000000000000006
connection 2 61 -0.986845783190801740 0 0.299999999999999989 0.100000000000000006
connection 3 61 0.280228964984416962 0 0.299999999999999989 0.100000000000000006
connection 4 61 -3.102200230103335343 0 0.299999999999999989 0.100000000000000006
connection 5 61 -1.911529343604343012 0 0.299999999999999989 0.100000000000000006
connection 6 61 0.650204160994235281 0 0.299999999999999989 0.100000000000000006
connection 7 61 0.029092565502651269 0 0.299999999999999989 0.100000000000000006
connection 8 61 0.487550936639308929 0 0.299999999999999989 0.100000000000000006
connection 9 61 -0.388676531845703721 0 0.299999999999999989 0.100000000000000006
connection 10 61 -0.005439511849544942 0 0.299999999999999989 0.100000000000000006
connection 11 61 -0.976158772013150156 0 0.299999999999999989 0.100000000000000006
connection 12 61 -0.316337221011053771 0 0.299999999999999989 0.100000000000000006
connection 13 61 -0.835291903573306627 0 0.299999999999999989 0.100000000000000006
connection 14 61 -0.407175037631532177 0 0.299999999999999989 0.100000000000000006
connection 15 61 -0.807733833091333508 0 0.299999999999999989 0.100000000000000006
connection 16 61 -0.138412044849246740 0 0.299999999999999989 0.100000000000000006
connection 17 61 -2.909644532439415343 0 0.299999999999999989 0.100000000000000006
connection 18 61 0.218300666107097641 0 0.299999999999999989 0.100000000000000006
connection 20 61 -0.515924618346616626 0 0.299999999999999989 0.100000000000000006
connection 21 61 -5.674074521342845401 0 0.299999999999999989 0.100000000000000006
connection 22 61 0.249362784205004573 0 0.299999999999999989 0.100000000000000006
connection 23 61 -1.947598847909830511 0 0.299999999999999989 0.100000000000000006
connection 24 61 -1.019696359260706231 0 0.299999999999999989 0.100000000000000006
connection 25 61 0.322019352577626705 0 0.299999999999999989 0.100000000000000006
connection 26 61 -3.405689616067320458 0 0.299999999999999989 0.100000000000000006
connection 27 61 -0.433693426195532084 0 0.299999999999999989 0.100000000000000006
connection 28 61 0.052928776945918798 0 0.299999999999999989 0.100000000000000006
connection 29 61 -0.341164820885751396 0 0.299999999999999989 0.100000000000000006
connection 30 61 -2.055927453708136454 0 0.299999999999999989 0.100000000000000006
connection 31 61 -0.449849244207143784 0 0.299999999999999989 0.100000000000000006
connection 32 61 -1.659515095081587788 0 0.299999999999999989 0.100000000000000006
connection 33 61 -2.323734781704843044 0 0.299999999999999989 0.100000000000000006
connection 34 61 0.358414591057226062 0 0.299999999999999989 0.100000000000000006
connection 36 61 -0.800306906690821052 0 0.299999999999999989 0.100000000000000006
connection 37 61 -0.421687586931511760 0 0.299999999999999989 0.100000000000000006
connection 38 61 -0.484315279485599604 0 0.299999999999999989 0.100000000000000006
connection 39 61 0.508358724197023548 0 0.299999999999999989 0.100000000000000006
connection 40 61 -0.683766672620549798 0 0.299999999999999989 0.100000000000000006
connection 41 61 -0.354726858204230666 0 0.299999999999999989 0.100000000000000006
connection 42 61 -1.123825763381319121 0 0.299999999999999989 0.100000000000000006
connection 43 61 0.086250213615130633 0 0.299999999999999989 0.100000000000000006
connection 44 61 0.486545343417674303 0 0.299999999999999989 0.100000000000000006
connection 45 61 0.359807845583418384 0 0.299999999999999989 0.100000000000000006
connection 46 61 -0.780197058571502566 0 0.299999999999999989 0.100000000000000006
connection 47 61 0.188750223023816943 0 0.299999999999999989 0.100000000000000006
connection 0 62 0.427504346036585048 0 0.299999999999999989 0.100000000000000006
connection 1 62 -1.949717270559631288 0 0.299999999999999989 0.100000000000000006
connection 3 62 0.737091853836318478 0 0.299999999999999989 0.100000000000000006
connection 4 62 -1.533614578889682889 0 0.299999999999999989 0.100000000000000006
connection 5 62 0.533443228574469686 0 0.299999999999999989 0.100000000000000006
connection 6 62 0.752329170543816872 0 0.299999999999999989 0.100000000000000006
connection 7 62 -1.573594193591816293 0 0.299999999999999989 0.100000000000000006
connection 8 62 -1.907111431428347714 0 0.299999999999999989 0.100000000000000006
connection 9 62 0.977791517347213812 0 0.299999999999999989 0.100000000000000006
connection 10 62 0.932518628076650202 0 0.299999999999999989 0.100000000000000006
connection 11 62 1.297621832345612347 0 0.299999999999999989 0.100000000000000006
connection 12 62 -0.632676241337321699 0 0.299999999999999989 0.100000000000000006
connection 13 62 2.215055559150641784 0 0.299999999999999989 0.100000000000000006
connection 15 62 -3.916327051963889971 0 0.299999999999999989 0.100000000000000006
connection 16 62 0.611189272487536073 0 0.299999999999999989 0.100000000000000006
connection 17 62 0.376391948899254203 0 0.299999999999999989 0.100000000000000006
connection 18 62 0.729122706485213712 0 0.299999999999999989 0.100000000000000006
connection 19 62 0.963347518874797970 0 0.299999999999999989 0.100000000000000006
connection 20 62 -0.363060254370793700 0 0.299999999999999989 0.100000000000000006
connection 21 62 2.506047198345186189 0 0.299999999999999989 0.100000000000000006
connection 22 62 0.766188511799555272 0 0.299999999999999989 0.100000000000000006
connection 23 62 0.380020213071475155 0 0.299999999999999989 0.100000000000000006
connection 24 62 -3.947023822402115911 0 0.299999999999999989 0.100000000000000006
connection 26 62 0.030052319518290460 0 0.299999999999999989 0.100000000000000006
connection 27 62 1.293267254834063351 0 0.299999999999999989 0.100000000000000006
connection 28 62 -0.740930274128913879 0 0.299999999999999989 0.100000000000000006
connection 29 62 0.398809703855476982 0 0.299999999999999989 0.100000000000000006
connection 30 62 -0.726514957146719098 0 0.299999999999999989 0.100000000000000006
connection 31 62 0.072632011273526587 0 0.299999999999999989 0.100000000000000006
connection 32 62 -0.350799187552183867 0 0.299999999999999989 0.100000000000000006
connection 33 62 0.630676219123415649 0 0.299999999999999989 0.100000000000000006
connection 34 62 -0.075578689808025956 0 0.299999999999999989 0.100000000000000006
connection 35 62 -1.822047899331664667 0 0.299999999999999989 0.100000000000000006
connection 36 62 1.947870974603574723 0 0.299999999999999989 0.100000000000000006
connection 37 62 1.804719051435313304 0 0.299999999999999989 0.100000000000000006
connection 38 62 -1.614799329989182297 0 0.299999999999999989 0.100000000000000006
connection 40 62 -0.231415531132370234 0 0.299999999999999989 0.100000000000000006
connection 41 62 0.905391019303351641 0 0.299999999999999989 0.100000000000000006
connection 42 62 -0.094136559870094061 0 0.299999999999999989 0.100000000000000006
connection 43 62 -0.302122031338512897 0 0.299999999999999989 0.100000000000000006
connection 44 62 -0.206917239818722010 0 0.299999999999999989 0.100000000000000006
connection 45 62 0.108061049832031131 0 0.299999999999999989 0.100000000000000006
connection 46 62 -0.333194496110081673 0 0.299999999999999989 0.100000000000000006
connection 47 62 0.094258423661813140 0 0.299999999999999989 0.100000000000000006
connection 53 48 -1.265072183814481832 0 0.299999999999999989 0.100000000000000006
connection 54 48 0.075822377279109787 0 0.299999999999999989 0.100000000000000006
connection 55 48 -1.006608803290873766 0 0.299999999999999989 0.100000000000000006
connection 56 48 -1.064359014562796801 0 0.299999999999999989 0.100000000000000006
connection 57 48 0.868117600854020566 0 0.299999999999999989 0.100000000000000006
connection 58 48 -0.473875401075929403 0 0.299999999999999989 0.100000000000000006
connection 59 48 -3.448009286948945373 0 0.299999999999999989 0.100000000000000006
connection 60 48 1.173311080317944288 0 0.299999999999999989 0.100000000000000006
connection 61 48 -1.883722334838239476 0 0.299999999999999989 0.100000000000000006
connection 62 48 0.261208573947897094 0 0.299999999999999989 0.100000000000000006
connection 53 49 0.371300798491574824 0 0.299999999999999989 0.100000000000000006
connection 54 49 -2.309713753929827362 0 0.299999999999999989 0.100000000000000006
connection 55 49 -0.399175885948352516 0 0.299999999999999989 0.100000000000000006
connection 56 49 1.195136412949068472 0 0.299999999999999989 0.100000000000000006
connection 57 49 -1.509401886985870078 0 0.299999999999999989 0.100000000000000006
connection 58 49 3.282484820410900284 0 0.299999999999999989 0.100000000000000006
connection 59 49 0.459686769347172230 0 0.299999999999999989 0.100000000000000006
connection 60 49 1.716735009809781332 0 0.299999999999999989 0.100000000000000006
connection 61 49 -0.007195965852588415 0 0.299999999999999989 0.100000000000000006
connection 62 49 -2.295519484745454974 0 0.299999999999999989 0.100000000000000006
connection 53 50 0.114478691539261490 0 0.299999999999999989 0.100000000000000006
connection 54 50 -1.876309921644860879 0 0.299999999999999989 0.100000000000000006
connection 56 50 -2.410723780281841755 0 0.299999999999999989 0.100000000000000006
connection 58 50 1.809135223840712570 0 0.299999999999999989 0.100000000000000006
connection 59 50 0.522973463106609415 0 0.299999999999999989 0.100000000000000006
connection 60 50 -1.073669732548296452 0 0.299999999999999989 0.100000000000000006
connection 61 50 -0.371629285233211704 0 0.299999999999999989 0.100000000000000006
connection 62 50 0.508551063947379589 0 0.299999999999999989 0.100000000000000006
connection 53 51 1.433628284392398200 0 0.299999999999999989 0.100000000000000006
connection 54 51 0.544696983881294727 0 0.299999999999999989 0.100000000000000006
connection 55 51 2.237628820759709924 0 0.299999999999999989 0.100000000000000006
connection 56 51 0.700931572750050691 0 0.299999999999999989 0.100000000000000006
connection 57 51 0.945487784920260310 0 0.299999999999999989 0.100000000000000006
connection 58 51 -0.458747954573482275 0 0.299999999999999989 0.100000000000000006
connection 59 51 -0.275941699277609587 0 0.299999999999999989 0.100000000000000006
connection 60 51 0.323326075449585915 0 0.299999999999999989 0.100000000000000006
connection 61 51 -0.378912859188858420 0 0.299999999999999989 0.100000000000000006
connection 53 52 -0.902444501156423939 0 0.299999999999999989 0.100000000000000006
connection 54 52 -2.492584486494706653 0 0.299999999999999989 0.100000000000000006
connection 55 52 1.743817991897230968 0 0.299999999999999989 0.100000000000000006
connection 56 52 0.041745042894035578 0 0.299999999999999989 0.100000000000000006
connection 57 52 -0.288646618835628033 0 0.299999999999999989 0.100000000000000006
connection 58 52 -0.167518577538430691 0 0.299999999999999989 0.100000000000000006
connection 59 52 0.017420849064365029 0 0.299999999999999989 0.100000000000000006
connection 60 52 -0.185315517941489816 0 0.299999999999999989 0.100000000000000006
connection 61 52 1.874148908398638014 0 0.299999999999999989 0.100000000000000006
connection 62 52 -3.564080440351972356 0 0.299999999999999989 0.100000000000000006
connection 47 48 -1.583712197448789993 0 0.299999999999999989 0.100000000000000006
connection 47 49 1.426271976430143695 0 0.299999999999999989 0.100000000000000006
connection 47 50 -0.296328297365107574 0 0.299999999999999989 0.100000000000000006
connection 47 51 -0.501445887377485633 0 0.299999999999999989 0.100000000000000006
connection 47 52 1.247353109203686472 0 0.299999999999999989 0.100000000000000006
connection 24 48 1.871628700639121234 0 0.299999999999999989 0.100000000000000006
connection 41 52 -1.776421308430144563 0 0.299999999999999989 0.100000000000000006
connection 19 50 0.135235293302685022 0 0.299999999999999989 0.100000000000000006
connection 54 55 0.994672505185008049 0 0.299999999999999989 0.100000000000000006
connection 33 49 2.015989270366844721 0 0.299999999999999989 0.100000000000000006
connection 58 56 -1.745765713509172201 0 0.299999999999999989 0.100000000000000006
connection 61 57 2.066899954283144325 0 0.299999999999999989 0.100000000000000006
connection 42 49 2.142943629574801889 0 0.299999999999999989 0.100000000000000006
connection 3 49 2.300234380643814802 0 0.299999999999999989 0.100000000000000006
connection 52 58 0.814504894893616438 1 0.299999999999999989 0.100000000000000006
connection 18 51 1.062146303476765752 0 0.299999999999999989 0.100000000000000006
connection 1 48 -1.889559991024725605 0 0.299999999999999989 0.100000000000000006
connection 11 51 -0.651367011014372110 0 0.299999999999999989 0.100000000000000006
connection 6 49 2.540080452767142560 0 0.299999999999999989 0.100000000000000006
connection 31 51 3.161740972733241506 0 0.299999999999999989 0.100000000000000006
connection 60 59 -1.718663146020844579 0 0.299999999999999989 0.100000000000000006
connection 20 63 1.165150475746486336 0 0.299999999999999989 0.100000000000000006
connection 63 54 -0.694646057672798634 0 0.299999999999999989 0.100000000000000006
connection 6 50 -0.159225946343212854 0 0.299999999999999989 0.100000000000000006
connection 37 52 -1.254571083816699684 0 0.299999999999999989 0.100000000000000006
connection 14 64 0.963482539540564176 0 0.299999999999999989 0.100000000000000006
connection 64 60 0.925182907143607736 0 0.299999999999999989 0.100000000000000006
connection 53 53 1.983702290222936426 1 0.299999999999999989 0.100000000000000006
connection 7 65 1.138148458034265786 0 0.299999999999999989 0.100000000000000006
connection 65 50 0.151446039555594325 0 0.299999999999999989 0.100000000000000006
connection 65 53 1.750891259929630905 0 0.299999999999999989 0.100000000000000006
connection 14 66 -0.364053869852796197 0 0.299999999999999989 0.100000000000000006
connection 66 59 -0.067167873901780695 0 0.299999999999999989 0.100000000000000006
connection 36 50 5.006963670573895797 0 0.299999999999999989 0.100000000000000006
connection 13 63 -0.836836077345651574 0 0.299999999999999989 0.100000000000000006
connection 42 67 0.017548492643982172 0 0.299999999999999989 0.100000000000000006
connection 67 65 -3.517004714602080639 0 0.299999999999999989 0.100000000000000006
connection 0 68 -2.222522887801460456 0 0.299999999999999989 0.100000000000000006
connection 68 61 -0.944877688336418942 0 0.299999999999999989 0.100000000000000006
connection 12 69 -0.749471805291250348 0 0.299999999999999989 0.100000000000000006
connection 69 55 -1.218578410684131086 0 0.299999999999999989 0.100000000000000006
connection 5 68 1.199740401618328178 0 0.299999999999999989 0.100000000000000006
connection 35 70 -0.240185072529129684 0 0.299999999999999989 0.100000000000000006
connection 70 61 -1.329809781454969198 0 0.299999999999999989 0.100000000000000006
connection 56 66 0.037935270374873653 1 0.299999999999999989 0.100000000000000006
connection 58 66 -0.434381759259849787 1 0.299999999999999989 0.100000000000000006
connection 16 66 -1.147314657908282243 0 0.299999999999999989 0.100000000000000006
connection 58 63 -0.459754994401009753 1 0.299999999999999989 0.100000000000000006
connection 61 53 -2.283765184547519311 0 0.299999999999999989 0.100000000000000006
connection 41 68 -0.616180052980780602 0 0.299999999999999989 0.100000000000000006
connection 54 59 0.547528869705274701 0 0.299999999999999989 0.100000000000000006
connection 7 70 -0.488786821486428380 0 0.299999999999999989 0.100000000000000006
connection 10 65 -0.166677248664200306 0 0.299999999999999989 0.100000000000000006
connection 68 63 -1.580145291515691497 0 0.299999999999999989 0.100000000000000006
connection 63 67 0.305851501994766295 0 0.299999999999999989 0.100000000000000006
connection 9 71 0.100777189247310162 0 0.299999999999999989 0.100000000000000006
connection 71 60 -0.125125055448734201 0 0.299999999999999989 0.100000000000000006
connection 70 71 0.053491097089136019 0 0.299999999999999989 0.100000000000000006
connection 2 72 0.139268638136854861 0 0.299999999999999989 0.100000000000000006
connection 72 59 1.324320388790511061 0 0.299999999999999989 0.100000000000000006
connection 70 70 -3.054777597659267485 1 0.299999999999999989 0.100000000000000006
connection 25 73 -4.522401120004360564 0 0.299999999999999989 0.100000000000000006
connection 73 62 -3.908854555018479005 0 0.299999999999999989 0.100000000000000006
connection 7 52 -3.970859395569277694 0 0.299999999999999989 0.100000000000000006
connection 51 60 -1.480986449314514175 1 0.299999999999999989 0.100000000000000006
connection 10 74 0.044204398524016142 0 0.299999999999999989 0.100000000000000006
connection 74 59 -1.856966014602221549 0 0.299999999999999989 0.100000000000000006
connection 54 56 -3.535792793292785063 0 0.299999999999999989 0.100000000000000006
connection 34 75 1.619292580755427480 0 0.299999999999999989 0.100000000000000006
connection 75 53 -0.406224140198901296 0 0.299999999999999989 0.100000000000000006
connection 20 74 1.208900349098257720 0 0.299999999999999989 0.100000000000000006
connection 22 76 0.032562264852458611 0 0.299999999999999989 0.100000000000000006
connection 76 54 1.852181513706455007 0 0.299999999999999989 0.100000000000000006
connection 6 73 -0.077790578827261925 0 0.299999999999999989 0.100000000000000006
connection 67 49 0.151379970833659172 0 0.299999999999999989 0.100000000000000006
connection 24 70 0.904501698329113424 0 0.299999999999999989 0.100000000000000006
connection 55 77 -3.091500919050304219 0 0.299999999999999989 0.100000000000000006
connection 77 50 1.403716398694086820 0 0.299999999999999989 0.100000000000000006
connection 44 78 1.155096473114099354 0 0.299999999999999989 0.100000000000000006
connection 78 58 0.801270020878291689 0 0.299999999999999989 0.100000000000000006
connection 77 56 -1.614472275177831762 1 0.299999999999999989 0.100000000000000006
connection 45 64 -2.449877483886666596 0 0.299999999999999989 0.100000000000000006
connection 48 64 0.541359415277838707 1 0.299999999999999989 0.100000000000000006
connection 73 70 -0.875856737926369533 0 0.299999999999999989 0.100000000000000006
connection 76 62 -0.235554668797703926 0 0.299999999999999989 0.100000000000000006
connection 47 64 -3.653423323237802833 0 0.299999999999999989 0.100000000000000006
connection 50 76 1.001299405579629820 1 0.299999999999999989 0.100000000000000006
connection 38 66 -0.720591953024268150 0 0.299999999999999989 0.100000000000000006
connection 70 48 0.425026192329823971 0 0.299999999999999989 0.100000000000000006
connection 26 77 0.420333967078477144 0 0.299999999999999989 0.100000000000000006
connection 35 79 0.242140893358737230 0 0.299999999999999989 0.100000000000000006
connection 79 56 -0.228838308714330196 0 0.299999999999999989 0.100000000000000006
connection 72 63 -0.135835516033694148 0 0.299999999999999989 0.100000000000000006
connection 0 71 0.165271266829222441 0 0.299999999999999989 0.100000000000000006
connection 78 57 -1.050481417914852500 0 0.299999999999999989 0.100000000000000006
connection 67 68 0.556673712795600295 0 0.299999999999999989 0.100000000000000006
connection 73 58 -0.002144484082236886 0 0.299999999999999989 0.100000000000000006
connection 19 67 -0.037187906680628657 0 0.299999999999999989 0.100000000000000006
connection 31 78 -0.484059979673475027 0 0.299999999999999989 0.100000000000000006
connection 79 51 0.327490026131272316 0 0.299999999999999989 0.100000000000000006
connection 51 66 -0.316204886417835951 1 0.299999999999999989 0.100000000000000006
connection 38 77 0.508608223637565970 0 0.299999999999999989 0.100000000000000006
connection 58 71 0.435745812486857176 1 0.299999999999999989 0.100000000000000006
connection 28 66 -0.751979794586077332 0 0.299999999999999989 0.100000000000000006
connection 39 80 0.525647624395787716 0 0.299999999999999989 0.100000000000000006
connection 80 55 -0.576536583248525858 0 0.299999999999999989 0.100000000000000006
connection 60 80 0.294242392759770155 1 0.299999999999999989 0.100000000000000006
connection 80 80 0.189654297428205609 1 0.299999999999999989 0.100000000000000006
connection 40 81 -0.651809431379660964 0 0.299999999999999989 0.100000000000000006
connection 81 56 0.195592849282547832 0 0.299999999999999989 0.100000000000000006
connection 3 76 0.394093241542577744 0 0.299999999999999989 0.100000000000000006
connection 20 82 0.178825283655896783 0 0.299999999999999989 0.100000000000000006
connection 82 59 0.054811684880405664 0 0.299999999999999989 0.100000000000000006
connection 70 77 -0.846818092511966825 0 0.299999999999999989 0.100000000000000006
connection 68 49 0.160807155072689056 0 0.299999999999999989 0.100000000000000006
connection 68 81 0.413633981719613075 0 0.299999999999999989 0.100000000000000006
connection 57 54 0.602578763151541352 0 0.299999999999999989 0.100000000000000006
connection 67 78 0.530167630873620510 0 0.299999999999999989 0.100000000000000006
NNend

