NNstart
48 5
neuron 1 0.000000000000000000 0.000000000000000000 0.000000000000000000 0.000000000000000000 1 0.000000000000000000
neuron 1 0.000000000000000000 0.000000000000000000 0.000000000000000000 0.000000000000000000 1 0.000000000000000000
neuron 1 0.000000000000000000 0.000000000000000000 0.000000000000000000 0.000000000000000000 1 0.000000000000000000
neuron 1 0.000000000000000000 0.000000000000000000 0.000000000000000000 0.000000000000000000 1 0.000000000000000000
neuron 1 0.000000000000000000 0.000000000000000000 0.000000000000000000 0.000000000000000000 1 0.000000000000000000
neuron 1 0.000000000000000000 0.000000000000000000 0.000000000000000000 0.000000000000000000 1 0.000000000000000000
neuron 1 0.000000000000000000 0.000000000000000000 0.000000000000000000 0.000000000000000000 1 0.000000000000000000
neuron 1 0.000000000000000000 0.000000000000000000 0.000000000000000000 0.000000000000000000 1 0.000000000000000000
neuron 1 0.000000000000000000 0.000000000000000000 0.000000000000000000 0.000000000000000000 1 0.000000000000000000
neuron 1 0.000000000000000000 0.000000000000000000 0.000000000000000000 0.000000000000000000 1 0.000000000000000000
neuron 1 0.000000000000000000 0.000000000000000000 0.000000000000000000 0.000000000000000000 1 0.000000000000000000
neuron 1 0.000000000000000000 0.000000000000000000 0.000000000000000000 0.000000000000000000 1 0.000000000000000000
neuron 1 0.000000000000000000 0.000000000000000000 0.000000000000000000 0.000000000000000000 1 0.000000000000000000
neuron 1 0.000000000000000000 0.000000000000000000 0.000000000000000000 0.000000000000000000 1 0.000000000000000000
neuron 1 0.000000000000000000 0.000000000000000000 0.000000000000000000 0.000000000000000000 1 0.000000000000000000
neuron 1 0.000000000000000000 0.000000000000000000 0.000000000000000000 0.000000000000000000 1 0.000000000000000000
neuron 1 0.000000000000000000 0.000000000000000000 0.000000000000000000 0.000000000000000000 1 0.000000000000000000
neuron 1 0.000000000000000000 0.000000000000000000 0.000000000000000000 0.000000000000000000 1 0.000000000000000000
neuron 1 0.000000000000000000 0.000000000000000000 0.000000000000000000 0.000000000000000000 1 0.000000000000000000
neuron 1 0.000000000000000000 0.000000000000000000 0.000000000000000000 0.000000000000000000 1 0.000000000000000000
neuron 1 0.000000000000000000 0.000000000000000000 0.000000000000000000 0.000000000000000000 1 0.000000000000000000
neuron 1 0.000000000000000000 0.000000000000000000 0.000000000000000000 0.000000000000000000 1 0.000000000000000000
neuron 1 0.000000000000000000 0.000000000000000000 0.000000000000000000 0.000000000000000000 1 0.000000000000000000
neuron 1 0.000000000000000000 0.000000000000000000 0.000000000000000000 0.000000000000000000 1 0.000000000000000000
neuron 1 0.000000000000000000 0.000000000000000000 0.000000000000000000 0.000000000000000000 1 0.000000000000000000
neuron 1 0.000000000000000000 0.000000000000000000 0.000000000000000000 0.000000000000000000 1 0.000000000000000000
neuron 1 0.000000000000000000 0.000000000000000000 0.000000000000000000 0.000000000000000000 1 0.000000000000000000
neuron 1 0.000000000000000000 0.000000000000000000 0.000000000000000000 0.000000000000000000 1 0.000000000000000000
neuron 1 0.000000000000000000 0.000000000000000000 0.000000000000000000 0.000000000000000000 1 0.000000000000000000
neuron 1 0.000000000000000000 0.000000000000000000 0.000000000000000000 0.000000000000000000 1 0.000000000000000000
neuron 1 0.000000000000000000 0.000000000000000000 0.000000000000000000 0.000000000000000000 1 0.000000000000000000
neuron 1 0.000000000000000000 0.000000000000000000 0.000000000000000000 0.000000000000000000 1 0.000000000000000000
neuron 1 0.000000000000000000 0.000000000000000000 0.000000000000000000 0.000000000000000000 1 0.000000000000000000
neuron 1 0.000000000000000000 0.000000000000000000 0.000000000000000000 0.000000000000000000 1 0.000000000000000000
neuron 1 0.000000000000000000 0.000000000000000000 0.000000000000000000 0.000000000000000000 1 0.000000000000000000
neuron 1 0.000000000000000000 0.000000000000000000 0.000000000000000000 0.000000000000000000 1 0.000000000000000000
neuron 1 0.000000000000000000 0.000000000000000000 0.000000000000000000 0.000000000000000000 1 0.000000000000000000
neuron 1 0.000000000000000000 0.000000000000000000 0.000000000000000000 0.000000000000000000 1 0.000000000000000000
neuron 1 0.000000000000000000 0.000000000000000000 0.000000000000000000 0.000000000000000000 1 0.000000000000000000
neuron 1 0.000000000000000000 0.000000000000000000 0.000000000000000000 0.000000000000000000 1 0.000000000000000000
neuron 1 0.000000000000000000 0.000000000000000000 0.000000000000000000 0.000000000000000000 1 0.000000000000000000
neuron 1 0.000000000000000000 0.000000000000000000 0.000000000000000000 0.000000000000000000 1 0.000000000000000000
neuron 1 0.000000000000000000 0.000000000000000000 0.000000000000000000 0.000000000000000000 1 0.000000000000000000
neuron 1 0.000000000000000000 0.000000000000000000 0.000000000000000000 0.000000000000000000 1 0.000000000000000000
neuron 1 0.000000000000000000 0.000000000000000000 0.000000000000000000 0.000000000000000000 1 0.000000000000000000
neuron 1 0.000000000000000000 0.000000000000000000 0.000000000000000000 0.000000000000000000 1 0.000000000000000000
neuron 1 0.000000000000000000 0.000000000000000000 0.000000000000000000 0.000000000000000000 1 0.000000000000000000
neuron 2 0.000000000000000000 0.000000000000000000 0.000000000000000000 0.000000000000000000 1 0.000000000000000000
neuron 4 1.000000000000000000 0.000000000000000000 0.000000000000000000 0.000000000000000000 1 1.000000000000000000
neuron 4 1.000000000000000000 0.000000000000000000 0.000000000000000000 0.000000000000000000 1 1.000000000000000000
neuron 4 1.000000000000000000 0.000000000000000000 0.000000000000000000 0.000000000000000000 1 1.000000000000000000
neuron 4 1.000000000000000000 0.000000000000000000 0.000000000000000000 0.000000000000000000 1 1.000000000000000000
neuron 4 1.000000000000000000 0.000000000000000000 0.000000000000000000 0.000000000000000000 1 1.000000000000000000
neuron 3 1.000000000000000000 0.000000000000000000 0.000000000000000000 0.000000000000000000 1 0.500000000000000000
neuron 3 1.000000000000000000 0.000000000000000000 0.000000000000000000 0.000000000000000000 1 0.500000000000000000
neuron 3 1.000000000000000000 0.000000000000000000 0.000000000000000000 0.000000000000000000 1 0.500000000000000000
neuron 3 1.000000000000000000 0.000000000000000000 0.000000000000000000 0.000000000000000000 1 0.500000000000000000
neuron 3 1.000000000000000000 0.000000000000000000 0.000000000000000000 0.000000000000000000 1 0.500000000000000000
neuron 3 1.000000000000000000 0.000000000000000000 0.000000000000000000 0.000000000000000000 1 0.500000000000000000
neuron 3 1.000000000000000000 0.000000000000000000 0.000000000000000000 0.000000000000000000 1 0.500000000000000000
neuron 3 1.000000000000000000 0.000000000000000000 0.000000000000000000 0.000000000000000000 1 0.500000000000000000
neuron 3 1.000000000000000000 0.000000000000000000 0.000000000000000000 0.000000000000000000 1 0.500000000000000000
neuron 3 1.000000000000000000 0.000000000000000000 0.000000000000000000 0.000000000000000000 1 0.500000000000000000
neuron 3 1.000000000000000000 0.000000000000000000 0.000000000000000000 0.000000000000000000 1 0.250000000000000000
neuron 3 1.000000000000000000 0.000000000000000000 0.000000000000000000 0.000000000000000000 1 0.250000000000000000
neuron 3 1.000000000000000000 0.000000000000000000 0.000000000000000000 0.000000000000000000 2 0.750000000000000000
neuron 3 1.000000000000000000 0.000000000000000000 0.000000000000000000 0.000000000000000000 1 0.750000000000000000
neuron 3 1.000000000000000000 0.000000000000000000 0.000000000000000000 0.000000000000000000 1 0.250000000000000000
neuron 3 1.000000000000000000 0.000000000000000000 0.000000000000000000 0.000000000000000000 1 0.250000000000000000
neuron 3 1.000000000000000000 0.000000000000000000 0.000000000000000000 0.000000000000000000 2 0.750000000000000000
neuron 3 1.000000000000000000 0.000000000000000000 0.000000000000000000 0.000000000000000000 2 0.250000000000000000
neuron 3 1.000000000000000000 0.000000000000000000 0.000000000000000000 0.000000000000000000 1 0.250000000000000000
neuron 3 1.000000000000000000 0.000000000000000000 0.000000000000000000 0.000000000000000000 1 0.250000000000000000
neuron 3 1.000000000000000000 0.000000000000000000 0.000000000000000000 0.000000000000000000 1 0.250000000000000000
neuron 3 1.000000000000000000 0.000000000000000000 0.000000000000000000 0.000000000000000000 1 0.250000000000000000
neuron 3 1.000000000000000000 0.000000000000000000 0.000000000000000000 0.000000000000000000 1 0.750000000000000000
neuron 3 1.000000000000000000 0.000000000000000000 0.000000000000000000 0.000000000000000000 1 0.250000000000000000
neuron 3 1.000000000000000000 0.000000000000000000 0.000000000000000000 0.000000000000000000 1 0.750000000000000000
neuron 3 1.000000000000000000 0.000000000000000000 0.000000000000000000 0.000000000000000000 1 0.250000000000000000
connection 0 53 0.210455054242629558 0 0.299999999999999989 0.100000000000000006
connection 1 53 -0.212031710194423795 0 0.299999999999999989 0.100000000000000006
connection 2 53 4.701460249059891794 0 0.299999999999999989 0.100000000000000006
connection 4 53 0.519683987484313548 0 0.299999999999999989 0.100000000000000006
connection 5 53 0.362948001420591027 0 0.299999999999999989 0.100000000000000006
connection 6 53 0.634732616017572582 0 0.299999999999999989 0.100000000000000006
connection 7 53 0.684917883365415037 0 0.299999999999999989 0.100000000000000006
connection 8 53 0.743643122143112123 0 0.299999999999999989 0.100000000000000006
connection 9 53 0.879846772411838174 0 0.299999999999999989 0.100000000000000006
connection 10 53 -0.080082566943019629 0 0.299999999999999989 0.100000000000000006
connection 11 53 -1.186628404771909118 0 0.299999999999999989 0.100000000000000006
connection 12 53 0.727988381055183709 0 0.299999999999999989 0.100000000000000006
connection 13 53 0.785080500179901719 0 0.299999999999999989 0.100000000000000006
connection 14 53 0.147109168348833919 0 0.299999999999999989 0.100000000000000006
connection 15 53 0.199689435539767146 0 0.299999999999999989 0.100000000000000006
connection 16 53 -2.354432133957743645 0 0.299999999999999989 0.100000000000000006
connection 17 53 0.679731887532398105 0 0.299999999999999989 0.100000000000000006
connection 18 53 0.833953423018101603 0 0.299999999999999989 0.100000000000000006
connection 19 53 0.206889106659218669 0 0.299999999999999989 0.100000000000000006
connection 20 53 3.642733046814100817 0 0.299999999999999989 0.100000000000000006
connection 21 53 -0.435875950846821070 0 0.299999999999999989 0.100000000000000006
connection 22 53 -0.689490983029827476 0 0.299999999999999989 0.100000000000000006
connection 23 53 2.379213853506371379 0 0.299999999999999989 0.100000000000000006
connection 24 53 -0.262660799780860543 0 0.299999999999999989 0.100000000000000006
connection 25 53 0.238940730225294828 0 0.299999999999999989 0.100000000000000006
connection 26 53 -0.065449921647086740 0 0.299999999999999989 0.100000000000000006
connection 27 53 -0.446238573873415589 0 0.299999999999999989 0.100000000000000006
connection 28 53 0.486613622168079019 0 0.299999999999999989 0.100000000000000006
connection 29 53 -0.019238523440435529 0 0.299999999999999989 0.100000000000000006
connection 30 53 -1.879507436970925482 0 0.299999999999999989 0.100000000000000006
connection 31 53 0.490146018331870437 0 0.299999999999999989 0.100000000000000006
connection 33 53 -0.107514632865786552 0 0.299999999999999989 0.100000000000000006
connection 34 53 2.984231656184419990 0 0.299999999999999989 0.100000000000000006
connection 35 53 -4.694978485407773405 0 0.299999999999999989 0.100000000000000006
connection 36 53 -0.541258131852373481 0 0.299999999999999989 0.100000000000000006
connection 37 53 -0.813757304244518309 0 0.299999999999999989 0.100000000000000006
connection 38 53 0.185760211534216069 0 0.299999999999999989 0.100000000000000006
connection 39 53 6.226057286818104330 0 0.299999999999999989 0.100000000000000006
connection 40 53 -1.040821997397870291 0 0.299999999999999989 0.100000000000000006
connection 41 53 -0.294377486237863195 0 0.299999999999999989 0.100000000000000006
connection 42 53 0.868381357321595715 0 0.299999999999999989 0.100000000000000006
connection 43 53 0.521295916987583041 0 0.299999999999999989 0.100000000000000006
connection 44 53 -0.334458638681098819 0 0.299999999999999989 0.100000000000000006
connection 45 53 1.524869988170394208 0 0.299999999999999989 0.100000000000000006
connection 46 53 -0.410651327343657613 0 0.299999999999999989 0.100000000000000006
connection 0 54 3.413176071451744065 0 0.299999999999999989 0.100000000000000006
connection 1 54 -0.897080242983065546 0 0.299999999999999989 0.100000000000000006
connection 2 54 -2.878043060003619757 0 0.299999999999999989 0.100000000000000006
connection 3 54 0.495507258689031005 0 0.299999999999999989 0.100000000000000006
connection 4 54 1.944970676322554937 0 0.299999999999999989 0.100000000000000006
connection 5 54 0.664506235159933567 0 0.299999999999999989 0.100000000000000006
connection 6 54 0.461691936230636202 0 0.299999999999999989 0.100000000000000006
connection 7 54 1.535148812512488803 0 0.299999999999999989 0.100000000000000006
connection 8 54 -0.768048230500426143 0 0.299999999999999989 0.100000000000000006
connection 9 54 -1.365675465625827201 0 0.299999999999999989 0.100000000000000006
connection 10 54 -0.670351736564043676 0 0.299999999999999989 0.100000000000000006
connection 11 54 0.802005981444381177 0 0.299999999999999989 0.100000000000000006
connection 12 54 -1.538387348795367870 0 0.299999999999999989 0.100000000000000006
connection 13 54 1.690276557987090200 0 0.299999999999999989 0.100000000000000006
connection 14 54 0.638518590247258544 0 0.299999999999999989 0.100000000000000006
connection 15 54 -0.172137313289567828 0 0.299999999999999989 0.100000000000000006
connection 16 54 -1.436034308479065658 0 0.299999999999999989 0.100000000000000006
connection 17 54 0.981510181445628405 0 0.299999999999999989 0.100000000000000006
connection 18 54 3.496587012050440535 0 0.299999999999999989 0.100000000000000006
connection 19 54 0.254927483387291431 0 0.299999999999999989 0.100000000000000006
connection 20 54 -0.016469153342768550 0 0.299999999999999989 0.100000000000000006
connection 21 54 1.966083829367562430 0 0.299999999999999989 0.100000000000000006
connection 22 54 0.818478690249321517 0 0.299999999999999989 0.100000000000000006
connection 23 54 1.237825449985393789 0 0.299999999999999989 0.100000000000000006
connection 24 54 -0.259889937384286895 0 0.299999999999999989 0.100000000000000006
connection 25 54 -0.640358613338321447 0 0.299999999999999989 0.100000000000000006
connection 26 54 -0.993567453930154443 0 0.299999999999999989 0.100000000000000006
connection 27 54 -0.640302899497328326 0 0.299999999999999989 0.100000000000000006
connection 28 54 1.741580518559203483 0 0.299999999999999989 0.100000000000000006
connection 29 54 -0.130935878725722432 0 0.299999999999999989 0.100000000000000006
connection 30 54 -0.309666333487257361 0 0.299999999999999989 0.100000000000000006
connection 31 54 -0.710652050562202930 0 0.299999999999999989 0.100000000000000006
connection 32 54 1.413024797177058645 0 0.299999999999999989 0.100000000000000006
connection 33 54 -0.012343695736490190 0 0.299999999999999989 0.100000000000000006
connection 34 54 1.707035494423507771 0 0.299999999999999989 0.100000000000000006
connection 35 54 -1.461577802790998248 0 0.299999999999999989 0.100000000000000006
connection 37 54 0.970945299170125509 0 0.299999999999999989 0.100000000000000006
connection 38 54 -1.541852017748169601 0 0.299999999999999989 0.100000000000000006
connection 39 54 -0.655651812907308340 0 0.299999999999999989 0.100000000000000006
connection 40 54 -1.765089807762706187 0 0.299999999999999989 0.100000000000000006
connection 41 54 2.051884609340049792 0 0.299999999999999989 0.100000000000000006
connection 42 54 -1.707313494348454697 0 0.299999999999999989 0.100000000000000006
connection 43 54 -0.691724825068376958 0 0.299999999999999989 0.100000000000000006
connection 44 54 0.222992495866492391 0 0.299999999999999989 0.100000000000000006
connection 45 54 1.075590919936075807 0 0.299999999999999989 0.100000000000000006
connection 46 54 -1.138534992485801922 0 0.299999999999999989 0.100000000000000006
connection 47 54 2.750708403400494717 0 0.299999999999999989 0.100000000000000006
connection 0 55 -1.208139528811443597 0 0.299999999999999989 0.100000000000000006
connection 1 55 2.389585531491320580 0 0.299999999999999989 0.100000000000000006
connection 2 55 -0.186001998561550863 0 0.299999999999999989 0.100000000000000006
connection 3 55 0.218861193250631914 0 0.299999999999999989 0.100000000000000006
connection 4 55 0.299635601928457618 0 0.299999999999999989 0.100000000000000006
connection 5 55 -0.239696756470948458 0 0.299999999999999989 0.100000000000000006
connection 6 55 0.032616089607472531 0 0.299999999999999989 0.100000000000000006
connection 7 55 -0.149039231007918715 0 0.299999999999999989 0.100000000000000006
connection 9 55 -0.283791822686907835 0 0.299999999999999989 0.100000000000000006
connection 10 55 -0.363131963647902012 0 0.299999999999999989 0.100000000000000006
connection 11 55 0.393547715619206429 0 0.299999999999999989 0.100000000000000006
connection 12 55 -0.172106207814067602 0 0.299999999999999989 0.100000000000000006
connection 13 55 -0.246619377983734012 0 0.299999999999999989 0.100000000000000006
connection 14 55 -0.279161007842049003 0 0.299999999999999989 0.100000000000000006
connection 15 55 0.432757003232836723 0 0.299999999999999989 0.100000000000000006
connection 16 55 0.602225370006635785 0 0.299999999999999989 0.100000000000000006
connection 17 55 -0.284558848477900028 0 0.299999999999999989 0.100000000000000006
connection 18 55 0.436601072316989303 0 0.299999999999999989 0.100000000000000006
connection 19 55 0.251923308998811990 0 0.299999999999999989 0.100000000000000006
connection 20 55 -0.159705640980973840 0 0.299999999999999989 0.100000000000000006
connection 21 55 4.426214480976341292 0 0.299999999999999989 0.100000000000000006
connection 22 55 -0.555536377933094627 0 0.299999999999999989 0.100000000000000006
connection 23 55 -0.848782512539401068 0 0.299999999999999989 0.100000000000000006
connection 24 55 1.830667370035371277 0 0.299999999999999989 0.100000000000000006
connection 25 55 -0.616297509055584669 0 0.299999999999999989 0.100000000000000006
connection 26 55 1.480160035389417317 0 0.299999999999999989 0.100000000000000006
connection 27 55 0.055963345104828477 0 0.299999999999999989 0.100000000000000006
connection 28 55 -0.624333475483581424 0 0.299999999999999989 0.100000000000000006
connection 29 55 1.281809100066311657 0 0.299999999999999989 0.100000000000000006
connection 30 55 -2.393279101001098752 0 0.299999999999999989 0.100000000000000006
connection 31 55 0.385923648718744516 0 0.299999999999999989 0.100000000000000006
connection 32 55 -3.478093439814983867 0 0.299999999999999989 0.100000000000000006
connection 33 55 2.336291725470800884 0 0.299999999999999989 0.100000000000000006
connection 34 55 0.200683972179831471 0 0.299999999999999989 0.100000000000000006
connection 35 55 -0.451598433312028646 0 0.299999999999999989 0.100000000000000006
connection 36 55 -0.063340166117995977 0 0.299999999999999989 0.100000000000000006
connection 37 55 0.077119872556068003 0 0.299999999999999989 0.100000000000000006
connection 38 55 -0.464692104782443494 0 0.299999999999999989 0.100000000000000006
connection 39 55 0.988711352285463363 0 0.299999999999999989 0.100000000000000006
connection 40 55 -0.211531801614910364 0 0.299999999999999989 0.100000000000000006
connection 41 55 -3.861852390022249892 0 0.299999999999999989 0.100000000000000006
connection 42 55 -1.602540674444753677 0 0.299999999999999989 0.100000000000000006
connection 43 55 -1.226500906341243535 0 0.299999999999999989 0.100000000000000006
connection 44 55 1.800988712580874562 0 0.299999999999999989 0.100000000000000006
connection 45 55 0.835430107763386331 0 0.299999999999999989 0.100000000000000006
connection 46 55 -0.815679307037498802 0 0.299999999999999989 0.100000000000000006
connection 0 56 3.534129049046896398 0 0.299999999999999989 0.100000000000000006
connection 1 56 -4.272369793034158647 0 0.299999999999999989 0.100000000000000006
connection 2 56 0.122121144784614444 0 0.299999999999999989 0.100000000000000006
connection 3 56 2.932514452957548201 0 0.299999999999999989 0.100000000000000006
connection 4 56 0.427317700115963817 0 0.299999999999999989 0.100000000000000006
connection 5 56 -1.024268281704280525 0 0.299999999999999989 0.100000000000000006
connection 6 56 0.254587525036185980 0 0.299999999999999989 0.100000000000000006
connection 7 56 -0.448412195313721895 0 0.299999999999999989 0.100000000000000006
connection 8 56 -0.065612577855063137 0 0.299999999999999989 0.100000000000000006
connection 9 56 0.457506041508167982 0 0.299999999999999989 0.100000000000000006
connection 11 56 -0.090664522722363472 0 0.299999999999999989 0.100000000000000006
connection 12 56 2.415269396922667511 0 0.299999999999999989 0.100000000000000006
connection 13 56 3.174022537190467119 0 0.299999999999999989 0.100000000000000006
connection 14 56 -0.145412061130627990 0 0.299999999999999989 0.100000000000000006
connection 15 56 4.026822949774214067 0 0.299999999999999989 0.100000000000000006
connection 16 56 -2.254924010259856004 0 0.299999999999999989 0.100000000000000006
connection 17 56 -0.216558030049782246 0 0.299999999999999989 0.100000000000000006
connection 18 56 2.510004187002778053 0 0.299999999999999989 0.100000000000000006
connection 20 56 -1.039789911039406434 0 0.299999999999999989 0.100000000000000006
connection 21 56 1.940145249864144716 0 0.299999999999999989 0.100000000000000006
connection 22 56 2.649422275950200856 0 0.299999999999999989 0.100000000000000006
connection 24 56 0.011842456646263599 0 0.299999999999999989 0.100000000000000006
connection 25 56 -0.837321238592267036 0 0.299999999999999989 0.100000000000000006
connection 26 56 -0.416775732301175594 0 0.299999999999999989 0.100000000000000006
connection 27 56 -0.295053656096570194 0 0.299999999999999989 0.100000000000000006
connection 28 56 -1.499743490300261328 0 0.299999999999999989 0.100000000000000006
connection 29 56 0.454715142259374261 0 0.299999999999999989 0.100000000000000006
connection 30 56 1.624660984139154607 0 0.299999999999999989 0.100000000000000006
connection 31 56 3.260879381035920233 0 0.299999999999999989 0.100000000000000006
connection 32 56 -3.305963494371098932 0 0.299999999999999989 0.100000000000000006
connection 33 56 -0.268489867085008882 0 0.299999999999999989 0.100000000000000006
connection 34 56 -6.280224481437471695 0 0.299999999999999989 0.100000000000000006
connection 35 56 0.189003942534327507 0 0.299999999999999989 0.100000000000000006
connection 36 56 1.287102856760611758 0 0.299999999999999989 0.100000000000000006
connection 37 56 1.519099383956927340 0 0.299999999999999989 0.100000000000000006
connection 38 56 -1.160292670625494793 0 0.299999999999999989 0.100000000000000006
connection 39 56 0.451129437074996531 0 0.299999999999999989 0.100000000000000006
connection 40 56 0.839529886376112700 0 0.299999999999999989 0.100000000000000006
connection 41 56 0.243511797627434134 0 0.299999999999999989 0.100000000000000006
connection 42 56 -0.531219861470162868 0 0.299999999999999989 0.100000000000000006
connection 43 56 0.084781467841821723 0 0.299999999999999989 0.100000000000000006
connection 44 56 0.637123013351811096 0 0.299999999999999989 0.100000000000000006
connection 45 56 -0.401065326295793056 0 0.299999999999999989 0.100000000000000006
connection 46 56 -0.814309847773984075 0 0.299999999999999989 0.100000000000000006
connection 47 56 0.002341792685911059 0 0.299999999999999989 0.100000000000000006
connection 0 57 -0.236852717353031039 0 0.299999999999999989 0.100000000000000006
connection 1 57 -0.636995328124612570 0 0.299999999999999989 0.100000000000000006
connection 2 57 -0.168003712547942996 0 0.299999999999999989 0.100000000000000006
connection 3 57 -0.272598145063966513 0 0.299999999999999989 0.100000000000000006
connection 4 57 -1.970165489001374226 0 0.299999999999999989 0.100000000000000006
connection 5 57 0.394137944211252034 0 0.299999999999999989 0.100000000000000006
connection 6 57 0.850491173856426030 0 0.299999999999999989 0.100000000000000006
connection 7 57 -1.469590386135678273 0 0.299999999999999989 0.100000000000000006
connection 8 57 0.577401745365932584 0 0.299999999999999989 0.100000000000000006
connection 9 57 -0.082233586814254522 0 0.299999999999999989 0.100000000000000006
connection 10 57 -0.309125703526660800 0 0.299999999999999989 0.100000000000000006
connection 11 57 -1.651135318209526304 0 0.299999999999999989 0.100000000000000006
connection 12 57 1.187758202431723475 0 0.299999999999999989 0.100000000000000006
connection 13 57 3.173792730987770483 0 0.299999999999999989 0.100000000000000006
connection 14 57 1.485419693985022604 0 0.299999999999999989 0.100000000000000006
connection 15 57 -0.087255236227065325 0 0.299999999999999989 0.100000000000000006
connection 16 57 -1.016564514327910729 0 0.299999999999999989 0.100000000000000006
connection 17 57 -4.724371167686513218 0 0.299999999999999989 0.100000000000000006
connection 18 57 0.158211520640179515 0 0.299999999999999989 0.100000000000000006
connection 19 57 -0.344085960183292627 0 0.299999999999999989 0.100000000000000006
connection 20 57 -6.205922080305754207 0 0.299999999999999989 0.100000000000000006
connection 21 57 -0.209168514818884432 0 0.299999999999999989 0.100000000000000006
connection 22 57 0.856207329427434161 0 0.299999999999999989 0.100000000000000006
connection 23 57 3.508204319048672915 0 0.299999999999999989 0.100000000000000006
connection 24 57 -3.585609600959287491 0 0.299999999999999989 0.100000000000000006
connection 25 57 4.295455517785740085 0 0.299999999999999989 0.100000000000000006
connection 26 57 0.029373159864917397 0 0.299999999999999989 0.100000000000000006
connection 27 57 1.019952866947278380 0 0.299999999999999989 0.100000000000000006
connection 28 57 0.659111620159819722 0 0.299999999999999989 0.100000000000000006
connection 29 57 -0.250073057832196355 0 0.299999999999999989 0.100000000000000006
connection 30 57 0.282864695880562067 0 0.299999999999999989 0.100000000000000006
connection 31 57 -1.381808028593695781 0 0.299999999999999989 0.100000000000000006
connection 32 57 -0.028976299799978733 0 0.299999999999999989 0.100000000000000006
connection 34 57 -2.994704494498364511 0 0.299999999999999989 0.100000000000000006
connection 35 57 -0.674122803844511509 0 0.299999999999999989 0.100000000000000006
connection 36 57 -0.764173920266330242 0 0.299999999999999989 0.100000000000000006
connection 37 57 -1.854834240046329796 0 0.299999999999999989 0.100000000000000006
connection 38 57 0.409490716643631458 0 0.299999999999999989 0.100000000000000006
connection 39 57 -2.362084936001338065 0 0.299999999999999989 0.100000000000000006
connection 40 57 0.701125001069158316 0 0.299999999999999989 0.100000000000000006
connection 41 57 -2.271021890861447901 0 0.299999999999999989 0.100000000000000006
connection 42 57 0.265222397632896900 0 0.299999999999999989 0.100000000000000006
connection 43 57 1.264519901826133719 0 0.299999999999999989 0.100000000000000006
connection 44 57 0.808043625205755234 0 0.299999999999999989 0.100000000000000006
connection 45 57 0.492432793136686087 0 0.299999999999999989 0.100000000000000006
connection 46 57 0.043337053386494517 0 0.299999999999999989 0.100000000000000006
connection 47 57 4.265590944210998714 0 0.299999999999999989 0.100000000000000006
connection 0 58 -0.050927307689562440 0 0.299999999999999989 0.100000000000000006
connection 1 58 -0.422209103824570775 0 0.299999999999999989 0.100000000000000006
connection 2 58 0.351770438719540834 0 0.299999999999999989 0.100000000000000006
connection 3 58 4.430669019828201272 0 0.299999999999999989 0.100000000000000006
connection 4 58 0.354198977118358016 0 0.299999999999999989 0.100000000000000006
connection 5 58 -0.745273359352722764 0 0.299999999999999989 0.100000000000000006
connection 6 58 -2.594176990329287946 0 0.299999999999999989 0.100000000000000006
connection 7 58 -0.418526341440156102 0 0.299999999999999989 0.100000000000000006
connection 8 58 -0.503126954426988959 0 0.299999999999999989 0.100000000000000006
connection 9 58 1.047611655328182678 0 0.299999999999999989 0.100000000000000006
connection 10 58 -1.445252582641842309 0 0.299999999999999989 0.100000000000000006
connection 11 58 -2.096395299256982980 0 0.299999999999999989 0.100000000000000006
connection 12 58 -0.415227032266557217 0 0.299999999999999989 0.100000000000000006
connection 13 58 1.907028718087531161 0 0.299999999999999989 0.100000000000000006
connection 14 58 -0.454157374122587498 0 0.299999999999999989 0.100000000000000006
connection 15 58 -3.915686838925466873 0 0.299999999999999989 0.100000000000000006
connection 16 58 2.083385664569505025 0 0.299999999999999989 0.100000000000000006
connection 17 58 -0.425122672226279974 0 0.299999999999999989 0.100000000000000006
connection 18 58 2.626252803340321407 0 0.299999999999999989 0.100000000000000006
connection 19 58 -0.081372868502512574 0 0.299999999999999989 0.100000000000000006
connection 20 58 -0.708853479009121656 0 0.299999999999999989 0.100000000000000006
connection 21 58 -0.051706501748412848 0 0.299999999999999989 0.100000000000000006
connection 22 58 -0.835410915504326113 0 0.299999999999999989 0.100000000000000006
connection 23 58 3.284909036217868561 0 0.299999999999999989 0.100000000000000006
connection 24 58 0.284881406594649889 0 0.299999999999999989 0.100000000000000006
connection 25 58 -0.153946895617991686 0 0.299999999999999989 0.100000000000000006
connection 26 58 0.354356829775497317 0 0.299999999999999989 0.100000000000000006
connection 27 58 -2.403704230484436266 0 0.299999999999999989 0.100000000000000006
connection 28 58 0.152602470421697944 0 0.299999999999999989 0.100000000000000006
connection 29 58 3.228797822928754613 0 0.299999999999999989 0.100000000000000006
connection 30 58 -1.615681654599029571 0 0.299999999999999989 0.100000000000000006
connection 31 58 -0.148326259481109446 0 0.299999999999999989 0.100000000000000006
connection 32 58 0.268844607751816511 0 0.299999999999999989 0.100000000000000006
connection 33 58 0.405779161024838686 0 0.299999999999999989 0.100000000000000006
connection 34 58 1.764927431475371122 0 0.299999999999999989 0.100000000000000006
connection 35 58 -0.526731370948255062 0 0.299999999999999989 0.100000000000000006
connection 36 58 -3.753773596894461662 0 0.299999999999999989 0.100000000000000006
connection 37 58 -1.252003706642426550 0 0.299999999999999989 0.100000000000000006
connection 38 58 0.443101306904281955 0 0.299999999999999989 0.100000000000000006
connection 39 58 -0.352657034993171692 0 0.299999999999999989 0.100000000000000006
connection 40 58 1.966499826026847586 0 0.299999999999999989 0.100000000000000006
connection 41 58 1.351664715133665595 0 0.299999999999999989 0.100000000000000006
connection 42 58 -4.856585942983656423 0 0.299999999999999989 0.100000000000000006
connection 43 58 -1.567096143218805082 0 0.299999999999999989 0.100000000000000006
connection 44 58 -3.212768068620789563 0 0.299999999999999989 0.100000000000000006
connection 45 58 0.664741769200190902 0 0.299999999999999989 0.100000000000000006
connection 46 58 2.711640600231476128 0 0.299999999999999989 0.100000000000000006
connection 47 58 -0.192814989248290658 0 0.299999999999999989 0.100000000000000006
connection 0 59 0.051253480603918433 0 0.299999999999999989 0.100000000000000006
connection 1 59 -0.415190773084759712 0 0.299999999999999989 0.100000000000000006
connection 2 59 0.529396881349384785 0 0.299999999999999989 0.100000000000000006
connection 3 59 -5.494005119122448377 0 0.299999999999999989 0.100000000000000006
connection 4 59 0.839090475346893072 0 0.299999999999999989 0.100000000000000006
connection 5 59 -6.127059124613879248 0 0.299999999999999989 0.100000000000000006
connection 6 59 -0.361190318944863975 0 0.299999999999999989 0.100000000000000006
connection 7 59 -1.079274278250522912 0 0.299999999999999989 0.100000000000000006
connection 8 59 -0.818627975299023092 0 0.299999999999999989 0.100000000000000006
connection 9 59 0.225462374510243535 0 0.299999999999999989 0.100000000000000006
connection 10 59 0.616725676693022251 0 0.299999999999999989 0.100000000000000006
connection 11 59 2.169145191262941808 0 0.299999999999999989 0.100000000000000006
connection 12 59 1.869005022323108278 0 0.299999999999999989 0.100000000000000006
connection 13 59 0.382424703799188137 0 0.299999999999999989 0.100000000000000006
connection 14 59 -0.502250767537589127 0 0.299999999999999989 0.100000000000000006
connection 15 59 0.331794544355943799 0 0.299999999999999989 0.100000000000000006
connection 16 59 -0.037811292801052332 0 0.299999999999999989 0.100000000000000006
connection 17 59 6.924138290269183926 0 0.299999999999999989 0.100000000000000006
connection 18 59 -2.969173811979999300 0 0.299999999999999989 0.100000000000000006
connection 19 59 0.451051621465012431 0 0.299999999999999989 0.100000000000000006
connection 20 59 -2.663650538255751599 0 0.299999999999999989 0.100000000000000006
connection 21 59 1.999546912899063500 0 0.299999999999999989 0.100000000000000006
connection 22 59 -0.164315618108958006 0 0.299999999999999989 0.100000000000000006
connection 23 59 -1.364211630498175509 0 0.299999999999999989 0.100000000000000006
connection 24 59 0.593792244093492627 0 0.299999999999999989 0.100000000000000006
connection 25 59 -1.111130659701302648 0 0.299999999999999989 0.100000000000000006
connection 26 59 3.507698731660639169 0 0.299999999999999989 0.100000000000000006
connection 27 59 -1.002391373040154576 0 0.299999999999999989 0.100000000000000006
connection 28 59 -0.763281077146530151 0 0.299999999999999989 0.100000000000000006
connection 29 59 0.947565796785056591 0 0.299999999999999989 0.100000000000000006
connection 31 59 -4.030925869759812485 0 0.299999999999999989 0.100000000000000006
connection 32 59 0.200533329567406327 0 0.299999999999999989 0.100000000000000006
connection 33 59 -0.627538193948566914 0 0.299999999999999989 0.100000000000000006
connection 34 59 1.141838526673382148 0 0.299999999999999989 0.100000000000000006
connection 35 59 0.287607437479891814 0 0.299999999999999989 0.100000000000000006
connection 38 59 0.384581686696037650 0 0.299999999999999989 0.100000000000000006
connection 39 59 0.302886685822159052 0 0.299999999999999989 0.100000000000000006
connection 40 59 -2.058313771151006222 0 0.299999999999999989 0.100000000000000006
connection 41 59 -0.361201625782996416 0 0.299999999999999989 0.100000000000000006
connection 42 59 -0.134042099583894014 0 0.299999999999999989 0.100000000000000006
connection 43 59 -3.927640251182310749 0 0.299999999999999989 0.100000000000000006
connection 44 59 0.377244259952931316 0 0.299999999999999989 0.100000000000000006
connection 45 59 -0.599070971948094666 0 0.299999999999999989 0.100000000000000006
connection 46 59 -0.266346824530046433 0 0.299999999999999989 0.100000000000000006
connection 47 59 0.061474996386095881 0 0.299999999999999989 0.100000000000000006
connection 0 60 0.525722950580529869 0 0.299999999999999989 0.100000000000000006
connection 1 60 0.579203625675290823 0 0.299999999999999989 0.100000000000000006
connection 2 60 0.020746585134475026 0 0.299999999999999989 0.100000000000000006
connection 3 60 -1.363322864206566010 0 0.299999999999999989 0.100000000000000006
connection 4 60 0.069541696226224303 0 0.299999999999999989 0.100000000000000006
connection 5 60 1.235393504612147808 0 0.299999999999999989 0.100000000000000006
connection 6 60 1.011602657206822187 0 0.299999999999999989 0.100000000000000006
connection 7 60 -0.838828896288760006 0 0.299999999999999989 0.100000000000000006
connection 8 60 1.374641120899468660 0 0.299999999999999989 0.100000000000000006
connection 9 60 1.449254264938645065 0 0.299999999999999989 0.100000000000000006
connection 10 60 0.022378633730113506 0 0.299999999999999989 0.100000000000000006
connection 11 60 2.561493181990954326 0 0.299999999999999989 0.100000000000000006
connection 12 60 0.908797563402913511 0 0.299999999999999989 0.100000000000000006
connection 13 60 0.388943304365966469 0 0.299999999999999989 0.100000000000000006
connection 14 60 1.174610479618422687 0 0.299999999999999989 0.100000000000000006
connection 15 60 5.845535713538993150 0 0.299999999999999989 0.100000000000000006
connection 16 60 -0.334016816457733512 0 0.299999999999999989 0.100000000000000006
connection 17 60 0.081736763939261436 0 0.299999999999999989 0.100000000000000006
connection 18 60 -1.255561012789257802 0 0.299999999999999989 0.100000000000000006
connection 19 60 5.482901129731544643 0 0.299999999999999989 0.100000000000000006
connection 20 60 0.026418324094265699 0 0.299999999999999989 0.100000000000000006
connection 21 60 -2.314705676772121024 0 0.299999999999999989 0.100000000000000006
connection 22 60 2.929977184597134965 0 0.299999999999999989 0.100000000000000006
connection 23 60 -2.517027490754117025 0 0.299999999999999989 0.100000000000000006
connection 24 60 -0.692988016438903287 0 0.299999999999999989 0.100000000000000006
connection 26 60 0.144476237066555768 0 0.299999999999999989 0.100000000000000006
connection 27 60 -5.283475180069217458 0 0.299999999999999989 0.100000000000000006
connection 28 60 2.744373489753343165 0 0.299999999999999989 0.100000000000000006
connection 29 60 0.775823729083640501 0 0.299999999999999989 0.100000000000000006
connection 30 60 0.693693821318447590 0 0.299999999999999989 0.100000000000000006
connection 31 60 1.300353641621768475 0 0.299999999999999989 0.100000000000000006
connection 32 60 0.207616078434512019 0 0.299999999999999989 0.100000000000000006
connection 33 60 -1.828441911726258695 0 0.299999999999999989 0.100000000000000006
connection 34 60 -3.181735634251253941 0 0.299999999999999989 0.100000000000000006
connection 35 60 -0.062395604996709153 0 0.299999999999999989 0.100000000000000006
connection 36 60 0.486712302546948195 0 0.299999999999999989 0.100000000000000006
connection 37 60 -0.632086085777700646 0 0.299999999999999989 0.100000000000000006
connection 38 60 -0.345273744314908981 0 0.299999999999999989 0.100000000000000006
connection 39 60 0.336557961301878095 0 0.299999999999999989 0.100000000000000006
connection 40 60 -6.021148876112420112 0 0.299999999999999989 0.100000000000000006
connection 41 60 1.590000167714606505 0 0.299999999999999989 0.100000000000000006
connection 42 60 -0.112902701599523425 0 0.299999999999999989 0.100000000000000006
connection 43 60 0.117756733205169439 0 0.299999999999999989 0.100000000000000006
connection 44 60 -2.188167234809952788 0 0.299999999999999989 0.100000000000000006
connection 45 60 4.606682023513712920 0 0.299999999999999989 0.100000000000000006
connection 0 61 -0.130880008684471250 0 0.299999999999999989 0.100000000000000006
connection 1 61 0.241147754713892937 0 0.299999999999999989 0.100000000000000006
connection 2 61 3.453653560012753587 0 0.299999999999999989 0.100000000000000006
connection 3 61 -0.118792663328349590 0 0.299999999999999989 0.100000000000000006
connection 4 61 -0.291898766765370965 0 0.299999999999999989 0.100000000000000006
connection 5 61 1.072796835156623274 0 0.299999999999999989 0.100000000000000006
connection 6 61 0.119325473904609680 0 0.299999999999999989 0.100000000000000006
connection 7 61 0.486905268393456936 0 0.299999999999999989 0.100000000000000006
connection 8 61 2.260847158380784094 0 0.299999999999999989 0.100000000000000006
connection 9 61 -1.397299820033367723 0 0.299999999999999989 0.100000000000000006
connection 10 61 0.056445309644914232 0 0.299999999999999989 0.100000000000000006
connection 11 61 -0.960550628718920052 0 0.299999999999999989 0.100000000000000006
connection 12 61 0.493838065653108060 0 0.299999999999999989 0.100000000000000006
connection 13 61 0.726662824883533176 0 0.299999999999999989 0.100000000000000006
connection 14 61 0.220541440066881478 0 0.299999999999999989 0.100000000000000006
connection 15 61 -0.185854689319967292 0 0.299999999999999989 0.100000000000000006
connection 16 61 0.864969563903287053 0 0.299999999999999989 0.100000000000000006
connection 17 61 -0.842228754801908508 0 0.299999999999999989 0.100000000000000006
connection 18 61 1.733554350201302441 0 0.299999999999999989 0.100000000000000006
connection 19 61 -0.137988138245418668 0 0.299999999999999989 0.100000000000000006
connection 20 61 2.018812570129739470 0 0.299999999999999989 0.100000000000000006
connection 21 61 -0.402891876641660929 0 0.299999999999999989 0.100000000000000006
connection 22 61 0.127978543983772397 0 0.299999999999999989 0.100000000000000006
connection 23 61 -0.028878549444925738 0 0.299999999999999989 0.100000000000000006
connection 24 61 0.634313251619460061 0 0.299999999999999989 0.100000000000000006
connection 25 61 0.185554530471563339 0 0.299999999999999989 0.100000000000000006
connection 26 61 0.071088827447965741 0 0.299999999999999989 0.100000000000000006
connection 28 61 2.034859739844250726 0 0.299999999999999989 0.100000000000000006
connection 29 61 -1.498039857251569629 0 0.299999999999999989 0.100000000000000006
connection 30 61 0.002187476726248860 0 0.299999999999999989 0.100000000000000006
connection 32 61 1.349361238918390882 0 0.299999999999999989 0.100000000000000006
connection 33 61 0.427306880708783865 0 0.299999999999999989 0.100000000000000006
connection 34 61 -0.191322435624897480 0 0.299999999999999989 0.100000000000000006
connection 35 61 -3.200286617851816118 0 0.299999999999999989 0.100000000000000006
connection 36 61 -0.203061326406896114 0 0.299999999999999989 0.100000000000000006
connection 37 61 0.295680622803047299 0 0.299999999999999989 0.100000000000000006
connection 38 61 -2.964922363316873088 0 0.299999999999999989 0.100000000000000006
connection 39 61 0.121250073600094765 0 0.299999999999999989 0.100000000000000006
connection 40 61 -0.667700692545622587 0 0.299999999999999989 0.100000000000000006
connection 41 61 1.872861811840266455 0 0.299999999999999989 0.100000000000000006
connection 42 61 1.472428509012388531 0 0.299999999999999989 0.100000000000000006
connection 43 61 -0.860605667403433472 0 0.299999999999999989 0.100000000000000006
connection 44 61 -0.134163052774965763 0 0.299999999999999989 0.100000000000000006
connection 45 61 -2.778960330731933936 0 0.299999999999999989 0.100000000000000006
connection 46 61 0.313266420736908913 0 0.299999999999999989 0.100000000000000006
connection 47 61 1.777295749030599836 0 0.299999999999999989 0.100000000000000006
connection 0 62 -0.315060227410867810 0 0.299999999999999989 0.100000000000000006
connection 1 62 -0.748798764485400170 0 0.299999999999999989 0.100000000000000006
connection 2 62 1.277456306270323694 0 0.299999999999999989 0.100000000000000006
connection 3 62 -0.701244952157139778 0 0.299999999999999989 0.100000000000000006
connection 4 62 1.867044923536013812 0 0.299999999999999989 0.100000000000000006
connection 5 62 -0.542285090079531074 0 0.299999999999999989 0.100000000000000006
connection 6 62 3.079506228263198864 0 0.299999999999999989 0.100000000000000006
connection 7 62 0.295551679097115993 0 0.299999999999999989 0.100000000000000006
connection 8 62 -0.337301846710033715 0 0.299999999999999989 0.100000000000000006
connection 9 62 2.725745123811066151 0 0.299999999999999989 0.100000000000000006
connection 10 62 -0.192139221471734345 0 0.299999999999999989 0.100000000000000006
connection 11 62 0.044370325049385428 0 0.299999999999999989 0.100000000000000006
connection 12 62 0.953534233616665006 0 0.299999999999999989 0.100000000000000006
connection 13 62 -0.137892509810626507 0 0.299999999999999989 0.100000000000000006
connection 14 62 -0.672177235828712583 0 0.299999999999999989 0.100000000000000006
connection 15 62 -1.450833028007764369 0 0.299999999999999989 0.100000000000000006
connection 16 62 -1.243285287586331833 0 0.299999999999999989 0.100000000000000006
connection 17 62 -0.680478697409853339 0 0.299999999999999989 0.100000000000000006
connection 18 62 0.272016243543475866 0 0.299999999999999989 0.100000000000000006
connection 19 62 0.899167349358322099 0 0.299999999999999989 0.100000000000000006
connection 20 62 -0.373646704004386265 0 0.299999999999999989 0.100000000000000006
connection 21 62 0.060384439828339964 0 0.299999999999999989 0.100000000000000006
connection 22 62 2.064059132768306881 0 0.299999999999999989 0.100000000000000006
connection 23 62 -0.305194920860230923 0 0.299999999999999989 0.100000000000000006
connection 24 62 -2.198728479263081681 0 0.299999999999999989 0.100000000000000006
connection 25 62 0.591094713949132711 0 0.299999999999999989 0.100000000000000006
connection 26 62 -0.052557724819052964 0 0.299999999999999989 0.100000000000000006
connection 27 62 -0.983042925246991217 0 0.299999999999999989 0.100000000000000006
connection 28 62 0.015080032870173454 0 0.299999999999999989 0.100000000000000006
connection 29 62 0.691655150149017572 0 0.299999999999999989 0.100000000000000006
connection 30 62 -0.438368115574121475 0 0.299999999999999989 0.100000000000000006
connection 31 62 -0.346247423864042503 0 0.299999999999999989 0.100000000000000006
connection 32 62 4.638317096978425980 0 0.299999999999999989 0.100000000000000006
connection 33 62 0.003692008729558438 0 0.299999999999999989 0.100000000000000006
connection 34 62 0.750685837007949885 0 0.299999999999999989 0.100000000000000006
connection 35 62 -1.435248462425079197 0 0.299999999999999989 0.100000000000000006
connection 36 62 0.953161158995499136 0 0.299999999999999989 0.100000000000000006
connection 37 62 0.044242297299206257 0 0.299999999999999989 0.100000000000000006
connection 38 62 -0.066887524211779237 0 0.299999999999999989 0.100000000000000006
connection 39 62 -0.011197037063539028 0 0.299999999999999989 0.100000000000000006
connection 40 62 -0.560427367920055985 0 0.299999999999999989 0.100000000000000006
connection 41 62 -2.939719001471530646 0 0.299999999999999989 0.100000000000000006
connection 42 62 -1.456769058830104768 0 0.299999999999999989 0.100000000000000006
connection 43 62 0.330738564953207970 0 0.299999999999999989 0.100000000000000006
connection 44 62 3.474083653069101274 0 0.299999999999999989 0.100000000000000006
connection 45 62 -1.020822651218622923 0 0.299999999999999989 0.100000000000000006
connection 46 62 -0.184900681255385280 0 0.299999999999999989 0.100000000000000006
connection 47 62 -2.350882043843739666 0 0.299999999999999989 0.100000000000000006
connection 53 48 -0.045490319840610027 0 0.299999999999999989 0.100000000000000006
connection 54 48 -0.689857758348807693 0 0.299999999999999989 0.100000000000000006
connection 55 48 -0.003119970671832561 0 0.299999999999999989 0.100000000000000006
connection 56 48 -1.254587192990584299 0 0.299999999999999989 0.100000000000000006
connection 57 48 -0.249692587880417705 0 0.299999999999999989 0.100000000000000006
connection 58 48 -0.441278813559620176 0 0.299999999999999989 0.100000000000000006
connection 59 48 -2.148832482416120016 0 0.299999999999999989 0.100000000000000006
connection 61 48 3.429267880837869598 0 0.299999999999999989 0.100000000000000006
connection 62 48 -1.183382834307849407 0 0.299999999999999989 0.100000000000000006
connection 53 49 -0.115436603780835867 0 0.299999999999999989 0.100000000000000006
connection 54 49 0.785372952232137322 0 0.299999999999999989 0.100000000000000006
connection 55 49 -0.687031433335505426 0 0.299999999999999989 0.100000000000000006
connection 56 49 -0.513178247259929776 0 0.299999999999999989 0.100000000000000006
connection 58 49 -3.209156016950146295 0 0.299999999999999989 0.100000000000000006
connection 59 49 -0.714030675124377012 0 0.299999999999999989 0.100000000000000006
connection 60 49 0.916934286244213581 0 0.299999999999999989 0.100000000000000006
connection 61 49 2.217156716622412205 0 0.299999999999999989 0.100000000000000006
connection 62 49 0.153359351839753799 0 0.299999999999999989 0.100000000000000006
connection 53 50 1.538345217093592510 0 0.299999999999999989 0.100000000000000006
connection 54 50 -0.384831215254962444 0 0.299999999999999989 0.100000000000000006
connection 55 50 -0.694209186051011784 0 0.299999999999999989 0.100000000000000006
connection 56 50 -0.362554967636242509 0 0.299999999999999989 0.100000000000000006
connection 57 50 -0.474190792767331004 0 0.299999999999999989 0.100000000000000006
connection 59 50 -0.316521705128252506 0 0.299999999999999989 0.100000000000000006
connection 60 50 -0.839640561069245450 0 0.299999999999999989 0.100000000000000006
connection 61 50 1.093333892087684944 0 0.299999999999999989 0.100000000000000006
connection 62 50 1.229756465880200267 0 0.299999999999999989 0.100000000000000006
connection 53 51 -0.794582748552784324 0 0.299999999999999989 0.100000000000000006
connection 54 51 0.787596091860905290 0 0.299999999999999989 0.100000000000000006
connection 55 51 0.829434571362071438 0 0.299999999999999989 0.100000000000000006
connection 56 51 -0.137586497701704502 0 0.299999999999999989 0.100000000000000006
connection 57 51 1.110656830074731261 0 0.299999999999999989 0.100000000000000006
connection 58 51 -0.777974227210506797 0 0.299999999999999989 0.100000000000000006
connection 59 51 1.791492824442684650 0 0.299999999999999989 0.100000000000000006
connection 60 51 -0.305424792924895883 0 0.299999999999999989 0.100000000000000006
connection 61 51 -0.438068680929063703 0 0.299999999999999989 0.100000000000000006
connection 62 51 0.509267601650208235 0 0.299999999999999989 0.100000000000000006
connection 53 52 1.081553291413001716 0 0.299999999999999989 0.100000000000000006
connection 54 52 0.647202298123829678 0 0.299999999999999989 0.100000000000000006
connection 55 52 -0.644566936085539055 0 0.299999999999999989 0.100000000000000006
connection 57 52 0.322724713478237391 0 0.299999999999999989 0.100000000000000006
connection 58 52 0.592627609803457744 0 0.299999999999999989 0.100000000000000006
connection 60 52 -1.240680459843133576 0 0.299999999999999989 0.100000000000000006
connection 61 52 -1.155373725923709571 0 0.299999999999999989 0.100000000000000006
connection 62 52 0.728850717423483729 0 0.299999999999999989 0.100000000000000006
connection 47 48 0.960198667715303600 0 0.299999999999999989 0.100000000000000006
connection 47 49 1.811147614986111876 0 0.299999999999999989 0.100000000000000006
connection 47 50 -0.590461771935224533 0 0.299999999999999989 0.100000000000000006
connection 47 51 -3.139190239719027886 0 0.299999999999999989 0.100000000000000006
connection 47 52 -1.285379505250602961 0 0.299999999999999989 0.100000000000000006
connection 50 50 -0.249250135506372317 1 0.299999999999999989 0.100000000000000006
connection 56 53 0.657089283022287418 0 0.299999999999999989 0.100000000000000006
connection 12 52 2.575381466234830441 0 0.299999999999999989 0.100000000000000006
connection 55 62 1.165193059685407206 0 0.299999999999999989 0.100000000000000006
connection 51 61 -0.625587264075875282 1 0.299999999999999989 0.100000000000000006
connection 10 63 0.293956037843599916 0 0.299999999999999989 0.100000000000000006
connection 63 56 0.248230302473530173 0 0.299999999999999989 0.100000000000000006
connection 20 48 -1.916300408716779202 0 0.299999999999999989 0.100000000000000006
connection 41 63 4.437041821860475466 0 0.299999999999999989 0.100000000000000006
connection 58 61 -1.938686984349260456 0 0.299999999999999989 0.100000000000000006
connection 33 50 0.857120058266445994 0 0.299999999999999989 0.100000000000000006
connection 42 48 0.397682264214381576 0 0.299999999999999989 0.100000000000000006
connection 13 63 1.567296935827471316 0 0.299999999999999989 0.100000000000000006
connection 45 49 -0.039914791006594896 0 0.299999999999999989 0.100000000000000006
connection 52 56 0.099122775252908468 1 0.299999999999999989 0.100000000000000006
connection 36 64 1.955917842744383961 0 0.299999999999999989 0.100000000000000006
connection 64 59 3.694425888475961983 0 0.299999999999999989 0.100000000000000006
connection 17 63 -0.111506057670339942 0 0.299999999999999989 0.100000000000000006
connection 56 65 0.366091766321915202 0 0.299999999999999989 0.100000000000000006
connection 65 52 0.331313177710399032 0 0.299999999999999989 0.100000000000000006
connection 19 49 -3.811122101848013699 0 0.299999999999999989 0.100000000000000006
connection 63 62 -0.540007753996178508 0 0.299999999999999989 0.100000000000000006
connection 4 48 0.747849392471835017 0 0.299999999999999989 0.100000000000000006
connection 56 61 0.541190319228917360 0 0.299999999999999989 0.100000000000000006
connection 48 65 1.834447624045424163 1 0.299999999999999989 0.100000000000000006
connection 65 53 -2.492709421901963651 1 0.299999999999999989 0.100000000000000006
connection 46 52 2.023476938164094463 0 0.299999999999999989 0.100000000000000006
connection 48 48 0.741069080424495041 1 0.299999999999999989 0.100000000000000006
connection 59 66 4.320583643057034351 0 0.299999999999999989 0.100000000000000006
connection 66 52 2.341335282406362239 0 0.299999999999999989 0.100000000000000006
connection 30 49 -0.367123991716653109 0 0.299999999999999989 0.100000000000000006
connection 49 61 0.739636244601570070 1 0.299999999999999989 0.100000000000000006
connection 30 67 -3.117994088628620375 0 0.299999999999999989 0.100000000000000006
connection 67 59 0.745545735582709312 0 0.299999999999999989 0.100000000000000006
connection 8 68 -0.436608986230567098 0 0.299999999999999989 0.100000000000000006
connection 68 55 -0.097373422700911760 0 0.299999999999999989 0.100000000000000006
connection 31 67 0.136609643581323326 0 0.299999999999999989 0.100000000000000006
connection 52 60 -0.008051262004300952 1 0.299999999999999989 0.100000000000000006
connection 58 69 -0.641687217401340604 0 0.299999999999999989 0.100000000000000006
connection 69 50 0.523523454263340682 0 0.299999999999999989 0.100000000000000006
connection 3 68 -0.595096004661172628 0 0.299999999999999989 0.100000000000000006
connection 22 68 0.320366248750360683 0 0.299999999999999989 0.100000000000000006
connection 31 70 1.062347925733774900 0 0.299999999999999989 0.100000000000000006
connection 70 61 0.623052991693839431 0 0.299999999999999989 0.100000000000000006
connection 6 64 0.115100358030758798 0 0.299999999999999989 0.100000000000000006
connection 36 71 -0.066360568162053823 0 0.299999999999999989 0.100000000000000006
connection 71 54 -0.131667969049885869 0 0.299999999999999989 0.100000000000000006
connection 27 72 0.013896080723498017 0 0.299999999999999989 0.100000000000000006
connection 72 61 -0.134063119767233729 0 0.299999999999999989 0.100000000000000006
connection 46 73 0.281135294964769855 0 0.299999999999999989 0.100000000000000006
connection 73 60 -0.115593684313353151 0 0.299999999999999989 0.100000000000000006
connection 33 74 -1.100541578140109777 0 0.299999999999999989 0.100000000000000006
connection 74 57 0.187293650349602103 0 0.299999999999999989 0.100000000000000006
connection 64 73 -1.321132663812022656 0 0.299999999999999989 0.100000000000000006
connection 51 75 0.076197605580091476 1 0.299999999999999989 0.100000000000000006
connection 75 55 -0.111955874832347035 1 0.299999999999999989 0.100000000000000006
connection 19 76 -0.150867112970445305 0 0.299999999999999989 0.100000000000000006
connection 76 56 0.626291761174798012 0 0.299999999999999989 0.100000000000000006
connection 61 71 -0.842975427629426122 1 0.299999999999999989 0.100000000000000006
connection 57 77 0.690698300430085510 0 0.299999999999999989 0.100000000000000006
connection 77 49 -0.499370268895290792 0 0.299999999999999989 0.100000000000000006
connection 7 74 -0.773889901989605278 0 0.299999999999999989 0.100000000000000006
connection 28 71 0.249723166460171342 0 0.299999999999999989 0.100000000000000006
connection 72 76 -0.008206440135836601 0 0.299999999999999989 0.100000000000000006
connection 75 60 0.215442488435655832 1 0.299999999999999989 0.100000000000000006
connection 37 78 0.499456320889294147 0 0.299999999999999989 0.100000000000000006
connection 78 59 -0.434316035185474902 0 0.299999999999999989 0.100000000000000006
connection 65 60 0.189008950022980571 1 0.299999999999999989 0.100000000000000006
NNend

