NNstart
48 5
neuron 1 0.000000000000000000 0.000000000000000000 0.000000000000000000 0.000000000000000000 1 0.000000000000000000
neuron 1 0.000000000000000000 0.000000000000000000 0.000000000000000000 0.000000000000000000 1 0.000000000000000000
neuron 1 0.000000000000000000 0.000000000000000000 0.000000000000000000 0.000000000000000000 1 0.000000000000000000
neuron 1 0.000000000000000000 0.000000000000000000 0.000000000000000000 0.000000000000000000 1 0.000000000000000000
neuron 1 0.000000000000000000 0.000000000000000000 0.000000000000000000 0.000000000000000000 1 0.000000000000000000
neuron 1 0.000000000000000000 0.000000000000000000 0.000000000000000000 0.000000000000000000 1 0.000000000000000000
neuron 1 0.000000000000000000 0.000000000000000000 0.000000000000000000 0.000000000000000000 1 0.000000000000000000
neuron 1 0.000000000000000000 0.000000000000000000 0.000000000000000000 0.000000000000000000 1 0.000000000000000000
neuron 1 0.000000000000000000 0.000000000000000000 0.000000000000000000 0.000000000000000000 1 0.000000000000000000
neuron 1 0.000000000000000000 0.000000000000000000 0.000000000000000000 0.000000000000000000 1 0.000000000000000000
neuron 1 0.000000000000000000 0.000000000000000000 0.000000000000000000 0.000000000000000000 1 0.000000000000000000
neuron 1 0.000000000000000000 0.000000000000000000 0.000000000000000000 0.000000000000000000 1 0.000000000000000000
neuron 1 0.000000000000000000 0.000000000000000000 0.000000000000000000 0.000000000000000000 1 0.000000000000000000
neuron 1 0.000000000000000000 0.000000000000000000 0.000000000000000000 0.000000000000000000 1 0.000000000000000000
neuron 1 0.000000000000000000 0.000000000000000000 0.000000000000000000 0.000000000000000000 1 0.000000000000000000
neuron 1 0.000000000000000000 0.000000000000000000 0.000000000000000000 0.000000000000000000 1 0.000000000000000000
neuron 1 0.000000000000000000 0.000000000000000000 0.000000000000000000 0.000000000000000000 1 0.000000000000000000
neuron 1 0.000000000000000000 0.000000000000000000 0.000000000000000000 0.000000000000000000 1 0.000000000000000000
neuron 1 0.000000000000000000 0.000000000000000000 0.000000000000000000 0.000000000000000000 1 0.000000000000000000
neuron 1 0.000000000000000000 0.000000000000000000 0.000000000000000000 0.000000000000000000 1 0.000000000000000000
neuron 1 0.000000000000000000 0.000000000000000000 0.000000000000000000 0.000000000000000000 1 0.000000000000000000
neuron 1 0.000000000000000000 0.000000000000000000 0.000000000000000000 0.000000000000000000 1 0.000000000000000000
neuron 1 0.000000000000000000 0.000000000000000000 0.000000000000000000 0.000000000000000000 1 0.000000000000000000
neuron 1 0.000000000000000000 0.000000000000000000 0.000000000000000000 0.000000000000000000 1 0.000000000000000000
neuron 1 0.000000000000000000 0.000000000000000000 0.000000000000000000 0.000000000000000000 1 0.000000000000000000
neuron 1 0.000000000000000000 0.000000000000000000 0.000000000000000000 0.000000000000000000 1 0.000000000000000000
neuron 1 0.000000000000000000 0.000000000000000000 0.000000000000000000 0.000000000000000000 1 0.000000000000000000
neuron 1 0.000000000000000000 0.000000000000000000 0.000000000000000000 0.000000000000000000 1 0.000000000000000000
neuron 1 0.000000000000000000 0.000000000000000000 0.000000000000000000 0.000000000000000000 1 0.000000000000000000
neuron 1 0.000000000000000000 0.000000000000000000 0.000000000000000000 0.000000000000000000 1 0.000000000000000000
neuron 1 0.000000000000000000 0.000000000000000000 0.000000000000000000 0.000000000000000000 1 0.000000000000000000
neuron 1 0.000000000000000000 0.000000000000000000 0.000000000000000000 0.000000000000000000 1 0.000000000000000000
neuron 1 0.000000000000000000 0.000000000000000000 0.000000000000000000 0.000000000000000000 1 0.000000000000000000
neuron 1 0.000000000000000000 0.000000000000000000 0.000000000000000000 0.000000000000000000 1 0.000000000000000000
neuron 1 0.000000000000000000 0.000000000000000000 0.000000000000000000 0.000000000000000000 1 0.000000000000000000
neuron 1 0.000000000000000000 0.000000000000000000 0.000000000000000000 0.000000000000000000 1 0.000000000000000000
neuron 1 0.000000000000000000 0.000000000000000000 0.000000000000000000 0.000000000000000000 1 0.000000000000000000
neuron 1 0.000000000000000000 0.000000000000000000 0.000000000000000000 0.000000000000000000 1 0.000000000000000000
neuron 1 0.000000000000000000 0.000000000000000000 0.000000000000000000 0.000000000000000000 1 0.000000000000000000
neuron 1 0.000000000000000000 0.000000000000000000 0.000000000000000000 0.000000000000000000 1 0.000000000000000000
neuron 1 0.000000000000000000 0.000000000000000000 0.000000000000000000 0.000000000000000000 1 0.000000000000000000
neuron 1 0.000000000000000000 0.000000000000000000 0.000000000000000000 0.000000000000000000 1 0.000000000000000000
neuron 1 0.000000000000000000 0.000000000000000000 0.000000000000000000 0.000000000000000000 1 0.000000000000000000
neuron 1 0.000000000000000000 0.000000000000000000 0.000000000000000000 0.000000000000000000 1 0.000000000000000000
neuron 1 0.000000000000000000 0.000000000000000000 0.000000000000000000 0.000000000000000000 1 0.000000000000000000
neuron 1 0.000000000000000000 0.000000000000000000 0.000000000000000000 0.000000000000000000 1 0.000000000000000000
neuron 1 0.000000000000000000 0.000000000000000000 0.000000000000000000 0.000000000000000000 1 0.000000000000000000
neuron 2 0.000000000000000000 0.000000000000000000 0.000000000000000000 0.000000000000000000 1 0.000000000000000000
neuron 4 1.000000000000000000 0.000000000000000000 0.000000000000000000 0.000000000000000000 1 1.000000000000000000
neuron 4 1.000000000000000000 0.000000000000000000 0.000000000000000000 0.000000000000000000 1 1.000000000000000000
neuron 4 1.000000000000000000 0.000000000000000000 0.000000000000000000 0.000000000000000000 1 1.000000000000000000
neuron 4 1.000000000000000000 0.000000000000000000 0.000000000000000000 0.000000000000000000 1 1.000000000000000000
neuron 4 1.000000000000000000 0.000000000000000000 0.000000000000000000 0.000000000000000000 1 1.000000000000000000
neuron 3 1.000000000000000000 0.000000000000000000 0.000000000000000000 0.000000000000000000 1 0.500000000000000000
neuron 3 1.000000000000000000 0.000000000000000000 0.000000000000000000 0.000000000000000000 1 0.500000000000000000
neuron 3 1.000000000000000000 0.000000000000000000 0.000000000000000000 0.000000000000000000 1 0.500000000000000000
neuron 3 1.000000000000000000 0.000000000000000000 0.000000000000000000 0.000000000000000000 1 0.500000000000000000
neuron 3 1.000000000000000000 0.000000000000000000 0.000000000000000000 0.000000000000000000 1 0.500000000000000000
neuron 3 1.000000000000000000 0.000000000000000000 0.000000000000000000 0.000000000000000000 1 0.500000000000000000
neuron 3 1.000000000000000000 0.000000000000000000 0.000000000000000000 0.000000000000000000 1 0.500000000000000000
neuron 3 1.000000000000000000 0.000000000000000000 0.000000000000000000 0.000000000000000000 1 0.500000000000000000
neuron 3 1.000000000000000000 0.000000000000000000 0.000000000000000000 0.000000000000000000 1 0.500000000000000000
neuron 3 1.000000000000000000 0.000000000000000000 0.000000000000000000 0.000000000000000000 1 0.500000000000000000
neuron 3 1.000000000000000000 0.000000000000000000 0.000000000000000000 0.000000000000000000 1 0.250000000000000000
neuron 3 1.000000000000000000 0.000000000000000000 0.000000000000000000 0.000000000000000000 1 0.250000000000000000
neuron 3 1.000000000000000000 0.000000000000000000 0.000000000000000000 0.000000000000000000 2 0.500000000000000000
neuron 3 1.000000000000000000 0.000000000000000000 0.000000000000000000 0.000000000000000000 2 0.250000000000000000
neuron 3 1.000000000000000000 0.000000000000000000 0.000000000000000000 0.000000000000000000 4 0.250000000000000000
neuron 3 1.000000000000000000 0.000000000000000000 0.000000000000000000 0.000000000000000000 4 0.250000000000000000
neuron 3 1.000000000000000000 0.000000000000000000 0.000000000000000000 0.000000000000000000 1 0.250000000000000000
neuron 3 1.000000000000000000 0.000000000000000000 0.000000000000000000 0.000000000000000000 4 0.250000000000000000
neuron 3 1.000000000000000000 0.000000000000000000 0.000000000000000000 0.000000000000000000 4 0.250000000000000000
neuron 3 1.000000000000000000 0.000000000000000000 0.000000000000000000 0.000000000000000000 1 0.250000000000000000
neuron 3 1.000000000000000000 0.000000000000000000 0.000000000000000000 0.000000000000000000 2 0.750000000000000000
neuron 3 1.000000000000000000 0.000000000000000000 0.000000000000000000 0.000000000000000000 4 0.250000000000000000
neuron 3 1.000000000000000000 0.000000000000000000 0.000000000000000000 0.000000000000000000 4 0.250000000000000000
neuron 3 1.000000000000000000 0.000000000000000000 0.000000000000000000 0.000000000000000000 1 0.750000000000000000
neuron 3 1.000000000000000000 0.000000000000000000 0.000000000000000000 0.000000000000000000 4 0.250000000000000000
neuron 3 1.000000000000000000 0.000000000000000000 0.000000000000000000 0.000000000000000000 1 0.250000000000000000
neuron 3 1.000000000000000000 0.000000000000000000 0.000000000000000000 0.000000000000000000 1 0.125000000000000000
neuron 3 1.000000000000000000 0.000000000000000000 0.000000000000000000 0.000000000000000000 2 0.250000000000000000
neuron 3 1.000000000000000000 0.000000000000000000 0.000000000000000000 0.000000000000000000 1 0.750000000000000000
neuron 3 1.000000000000000000 0.000000000000000000 0.000000000000000000 0.000000000000000000 1 0.500000000000000000
neuron 3 1.000000000000000000 0.000000000000000000 0.000000000000000000 0.000000000000000000 0 0.250000000000000000
neuron 3 1.000000000000000000 0.000000000000000000 0.000000000000000000 0.000000000000000000 1 0.250000000000000000
neuron 3 1.000000000000000000 0.000000000000000000 0.000000000000000000 0.000000000000000000 1 0.250000000000000000
connection 0 53 -0.926517969161068322 0 0.299999999999999989 0.100000000000000006
connection 1 53 4.389289190454292111 0 0.299999999999999989 0.100000000000000006
connection 3 53 -1.415188443395891227 0 0.299999999999999989 0.100000000000000006
connection 4 53 -0.543662915915774647 0 0.299999999999999989 0.100000000000000006
connection 5 53 -2.065662555105518550 0 0.299999999999999989 0.100000000000000006
connection 6 53 -0.642543102345371153 0 0.299999999999999989 0.100000000000000006
connection 7 53 -1.301730167382629588 0 0.299999999999999989 0.100000000000000006
connection 8 53 -0.739158248572493903 0 0.299999999999999989 0.100000000000000006
connection 9 53 -0.164830842200899497 0 0.299999999999999989 0.100000000000000006
connection 11 53 1.157240435131825507 0 0.299999999999999989 0.100000000000000006
connection 12 53 0.371933346315927338 0 0.299999999999999989 0.100000000000000006
connection 13 53 -0.115442876849556342 0 0.299999999999999989 0.100000000000000006
connection 14 53 1.966570802527712658 0 0.299999999999999989 0.100000000000000006
connection 15 53 -0.597738988479250111 0 0.299999999999999989 0.100000000000000006
connection 16 53 0.088768397719832137 0 0.299999999999999989 0.100000000000000006
connection 17 53 -1.754498027949011885 0 0.299999999999999989 0.100000000000000006
connection 18 53 1.997498768861987628 0 0.299999999999999989 0.100000000000000006
connection 19 53 -0.733453089036629535 0 0.299999999999999989 0.100000000000000006
connection 20 53 1.588858297676779330 0 0.299999999999999989 0.100000000000000006
connection 21 53 1.770220829188474454 0 0.299999999999999989 0.100000000000000006
connection 22 53 0.488837140757823363 0 0.299999999999999989 0.100000000000000006
connection 23 53 -1.484107841563172769 0 0.299999999999999989 0.100000000000000006
connection 24 53 -0.285444621462374926 0 0.299999999999999989 0.100000000000000006
connection 25 53 1.556254745621117763 0 0.299999999999999989 0.100000000000000006
connection 26 53 1.230153622906072997 0 0.299999999999999989 0.100000000000000006
connection 27 53 0.219646509969606996 0 0.299999999999999989 0.100000000000000006
connection 31 53 -0.676792259358990123 0 0.299999999999999989 0.100000000000000006
connection 32 53 -0.268713420256972313 0 0.299999999999999989 0.100000000000000006
connection 33 53 -0.864678916397679131 0 0.299999999999999989 0.100000000000000006
connection 34 53 2.329716948523127940 0 0.299999999999999989 0.100000000000000006
connection 35 53 -1.501736320875352249 0 0.299999999999999989 0.100000000000000006
connection 36 53 -1.673954050085740164 0 0.299999999999999989 0.100000000000000006
connection 37 53 -2.282063383245258592 0 0.299999999999999989 0.100000000000000006
connection 38 53 0.016857470109243877 0 0.299999999999999989 0.100000000000000006
connection 39 53 -3.446330474180285819 0 0.299999999999999989 0.100000000000000006
connection 40 53 -0.842098829685710371 0 0.299999999999999989 0.100000000000000006
connection 41 53 0.979276754413149320 0 0.299999999999999989 0.100000000000000006
connection 42 53 3.311712932776572416 0 0.299999999999999989 0.100000000000000006
connection 43 53 -0.222896619219682179 0 0.299999999999999989 0.100000000000000006
connection 44 53 -2.703138692464563064 0 0.299999999999999989 0.100000000000000006
connection 45 53 1.077139188768342137 0 0.299999999999999989 0.100000000000000006
connection 46 53 -2.221613698784494773 0 0.299999999999999989 0.100000000000000006
connection 47 53 0.947255732738994993 0 0.299999999999999989 0.100000000000000006
connection 0 54 -1.568622377075371332 0 0.299999999999999989 0.100000000000000006
connection 1 54 6.101788861768909555 0 0.299999999999999989 0.100000000000000006
connection 2 54 0.441365763392241206 0 0.299999999999999989 0.100000000000000006
connection 3 54 -1.374503347768040840 0 0.299999999999999989 0.100000000000000006
connection 4 54 0.327395225613145158 0 0.299999999999999989 0.100000000000000006
connection 5 54 2.481097688374575227 0 0.299999999999999989 0.100000000000000006
connection 6 54 0.357859003910562024 0 0.299999999999999989 0.100000000000000006
connection 7 54 0.163575956190470606 0 0.299999999999999989 0.100000000000000006
connection 9 54 -1.234854086947052565 0 0.299999999999999989 0.100000000000000006
connection 10 54 0.271530847763642669 0 0.299999999999999989 0.100000000000000006
connection 11 54 0.728474968606860784 0 0.299999999999999989 0.100000000000000006
connection 12 54 -1.012770776309480425 0 0.299999999999999989 0.100000000000000006
connection 13 54 2.912651601387551636 0 0.299999999999999989 0.100000000000000006
connection 14 54 -1.859888317369041033 0 0.299999999999999989 0.100000000000000006
connection 15 54 1.950226242348435335 0 0.299999999999999989 0.100000000000000006
connection 16 54 -0.116327137060579844 0 0.299999999999999989 0.100000000000000006
connection 18 54 0.735809889316442423 0 0.299999999999999989 0.100000000000000006
connection 19 54 3.141551829072909641 0 0.299999999999999989 0.100000000000000006
connection 20 54 -0.998198191868141294 0 0.299999999999999989 0.100000000000000006
connection 21 54 -0.036129070838796906 0 0.299999999999999989 0.100000000000000006
connection 22 54 -1.789425025793434543 0 0.299999999999999989 0.100000000000000006
connection 24 54 -0.224311133177252486 0 0.299999999999999989 0.100000000000000006
connection 25 54 -0.184349968243623152 0 0.299999999999999989 0.100000000000000006
connection 27 54 0.918462033515197618 0 0.299999999999999989 0.100000000000000006
connection 29 54 -1.446379852481186390 0 0.299999999999999989 0.100000000000000006
connection 30 54 0.959387305570999160 0 0.299999999999999989 0.100000000000000006
connection 31 54 -1.713955036670085974 0 0.299999999999999989 0.100000000000000006
connection 32 54 2.596568501699948683 0 0.299999999999999989 0.100000000000000006
connection 33 54 -0.260095268829900306 0 0.299999999999999989 0.100000000000000006
connection 34 54 -0.635228675731923431 0 0.299999999999999989 0.100000000000000006
connection 35 54 2.934376806282671168 0 0.299999999999999989 0.100000000000000006
connection 36 54 -1.688951057483791374 0 0.299999999999999989 0.100000000000000006
connection 37 54 0.245261855423450470 0 0.299999999999999989 0.100000000000000006
connection 38 54 1.268984277150593698 0 0.299999999999999989 0.100000000000000006
connection 39 54 0.628454294681432657 0 0.299999999999999989 0.100000000000000006
connection 40 54 0.335644256003433838 0 0.299999999999999989 0.100000000000000006
connection 41 54 2.629063751897774637 0 0.299999999999999989 0.100000000000000006
connection 42 54 0.179668681346811354 0 0.299999999999999989 0.100000000000000006
connection 43 54 1.946966033196076751 0 0.299999999999999989 0.100000000000000006
connection 44 54 -0.548245645877614152 0 0.299999999999999989 0.100000000000000006
connection 45 54 1.103729298345569987 0 0.299999999999999989 0.100000000000000006
connection 46 54 -1.791973439045250416 0 0.299999999999999989 0.100000000000000006
connection 47 54 -0.383453386413748376 0 0.299999999999999989 0.100000000000000006
connection 0 55 1.166658663758425973 0 0.299999999999999989 0.100000000000000006
connection 1 55 -1.174713226791936904 0 0.299999999999999989 0.100000000000000006
connection 2 55 -0.392941776764928363 0 0.299999999999999989 0.100000000000000006
connection 3 55 -1.369733276966144331 0 0.299999999999999989 0.100000000000000006
connection 4 55 -0.147863686041091569 0 0.299999999999999989 0.100000000000000006
connection 5 55 -0.355426641857775394 0 0.299999999999999989 0.100000000000000006
connection 6 55 3.448402056135819294 0 0.299999999999999989 0.100000000000000006
connection 7 55 2.482477375291637145 0 0.299999999999999989 0.100000000000000006
connection 8 55 0.101120680919848382 0 0.299999999999999989 0.100000000000000006
connection 9 55 0.956581531900155824 0 0.299999999999999989 0.100000000000000006
connection 10 55 1.549332905990013387 0 0.299999999999999989 0.100000000000000006
connection 11 55 -2.496284737542737275 0 0.299999999999999989 0.100000000000000006
connection 12 55 -1.514020083839568542 0 0.299999999999999989 0.100000000000000006
connection 13 55 -3.270107419473788468 0 0.299999999999999989 0.100000000000000006
connection 14 55 0.739149496192112565 0 0.299999999999999989 0.100000000000000006
connection 15 55 0.004421492456458509 0 0.299999999999999989 0.100000000000000006
connection 16 55 -2.137562382457872445 0 0.299999999999999989 0.100000000000000006
connection 17 55 -0.296351577955647372 0 0.299999999999999989 0.100000000000000006
connection 18 55 -0.178562392509775236 0 0.299999999999999989 0.100000000000000006
connection 19 55 1.505224793203524314 0 0.299999999999999989 0.100000000000000006
connection 20 55 2.662656960892491043 0 0.299999999999999989 0.100000000000000006
connection 21 55 -1.021084626969241071 0 0.299999999999999989 0.100000000000000006
connection 22 55 -0.439480213914066553 0 0.299999999999999989 0.100000000000000006
connection 23 55 -1.540038796709268354 0 0.299999999999999989 0.100000000000000006
connection 24 55 -1.137660703781875782 0 0.299999999999999989 0.100000000000000006
connection 25 55 1.088482076112995856 0 0.299999999999999989 0.100000000000000006
connection 26 55 -0.243767168882186525 0 0.299999999999999989 0.100000000000000006
connection 27 55 1.608014167199144140 0 0.299999999999999989 0.100000000000000006
connection 28 55 3.267075154813937843 0 0.299999999999999989 0.100000000000000006
connection 29 55 0.349337975960224867 0 0.299999999999999989 0.100000000000000006
connection 32 55 -6.054927354431129061 0 0.299999999999999989 0.100000000000000006
connection 33 55 -0.374984172478434630 0 0.299999999999999989 0.100000000000000006
connection 34 55 0.563079972249397542 0 0.299999999999999989 0.100000000000000006
connection 35 55 -1.236130220990162343 0 0.299999999999999989 0.100000000000000006
connection 36 55 -1.709371382559766062 0 0.299999999999999989 0.100000000000000006
connection 37 55 1.141233889968134463 0 0.299999999999999989 0.100000000000000006
connection 38 55 -0.283784460174501874 0 0.299999999999999989 0.100000000000000006
connection 39 55 -0.698335034219780937 0 0.299999999999999989 0.100000000000000006
connection 40 55 -1.162330791819840670 0 0.299999999999999989 0.100000000000000006
connection 41 55 -2.693844833826005924 0 0.299999999999999989 0.100000000000000006
connection 42 55 1.121869016395066865 0 0.299999999999999989 0.100000000000000006
connection 43 55 -0.635190242728299381 0 0.299999999999999989 0.100000000000000006
connection 44 55 0.759801863736356609 0 0.299999999999999989 0.100000000000000006
connection 45 55 0.188657282691565342 0 0.299999999999999989 0.100000000000000006
connection 46 55 0.932304450429001008 0 0.299999999999999989 0.100000000000000006
connection 47 55 -2.244948351100902073 0 0.299999999999999989 0.100000000000000006
connection 0 56 1.338001897136564367 0 0.299999999999999989 0.100000000000000006
connection 1 56 0.919412655370251741 0 0.299999999999999989 0.100000000000000006
connection 2 56 2.944330886224634014 0 0.299999999999999989 0.100000000000000006
connection 3 56 -1.890999491093680263 0 0.299999999999999989 0.100000000000000006
connection 5 56 -0.629068567905051168 0 0.299999999999999989 0.100000000000000006
connection 6 56 0.818557852267986163 0 0.299999999999999989 0.100000000000000006
connection 7 56 1.380274152179481462 0 0.299999999999999989 0.100000000000000006
connection 8 56 -0.901789439732965548 0 0.299999999999999989 0.100000000000000006
connection 9 56 1.499381103290943429 0 0.299999999999999989 0.100000000000000006
connection 10 56 -0.571219376404769719 0 0.299999999999999989 0.100000000000000006
connection 11 56 1.355989240633789450 0 0.299999999999999989 0.100000000000000006
connection 12 56 -0.405321672806167044 0 0.299999999999999989 0.100000000000000006
connection 14 56 1.183639043127186596 0 0.299999999999999989 0.100000000000000006
connection 15 56 0.111989071912830696 0 0.299999999999999989 0.100000000000000006
connection 16 56 0.554067321354523301 0 0.299999999999999989 0.100000000000000006
connection 17 56 -0.696970135119045153 0 0.299999999999999989 0.100000000000000006
connection 18 56 -0.659723226330243051 0 0.299999999999999989 0.100000000000000006
connection 19 56 -1.417820828195544891 0 0.299999999999999989 0.100000000000000006
connection 20 56 -1.330987619992811233 0 0.299999999999999989 0.100000000000000006
connection 21 56 -1.425521696364739910 0 0.299999999999999989 0.100000000000000006
connection 22 56 0.670794286517775618 0 0.299999999999999989 0.100000000000000006
connection 23 56 0.981873063865350559 0 0.299999999999999989 0.100000000000000006
connection 24 56 -2.158922244496352505 0 0.299999999999999989 0.100000000000000006
connection 25 56 -0.651595010000164621 0 0.299999999999999989 0.100000000000000006
connection 26 56 3.247417430291534401 0 0.299999999999999989 0.100000000000000006
connection 27 56 1.222726987514533903 0 0.299999999999999989 0.100000000000000006
connection 28 56 -0.265945099294185638 0 0.299999999999999989 0.100000000000000006
connection 29 56 0.702197814709506929 0 0.299999999999999989 0.100000000000000006
connection 30 56 0.346319158197729848 0 0.299999999999999989 0.100000000000000006
connection 31 56 -0.512932758007082157 0 0.299999999999999989 0.100000000000000006
connection 32 56 -0.962972586297837552 0 0.299999999999999989 0.100000000000000006
connection 33 56 -0.224139385478338227 0 0.299999999999999989 0.100000000000000006
connection 34 56 -0.235096637770766392 0 0.299999999999999989 0.100000000000000006
connection 35 56 -0.307363707455806434 0 0.299999999999999989 0.100000000000000006
connection 36 56 -1.043504910921910778 0 0.299999999999999989 0.100000000000000006
connection 38 56 -0.095447389190667309 0 0.299999999999999989 0.100000000000000006
connection 40 56 3.751655046420637518 0 0.299999999999999989 0.100000000000000006
connection 41 56 -0.902203960737097077 0 0.299999999999999989 0.100000000000000006
connection 42 56 3.535825627433951013 0 0.299999999999999989 0.100000000000000006
connection 43 56 -0.609786276720114984 0 0.299999999999999989 0.100000000000000006
connection 44 56 -0.851736543601873564 0 0.299999999999999989 0.100000000000000006
connection 45 56 -0.097885418006626423 0 0.299999999999999989 0.100000000000000006
connection 46 56 2.491668495116755366 0 0.299999999999999989 0.100000000000000006
connection 47 56 0.682553260565327946 0 0.299999999999999989 0.100000000000000006
connection 0 57 -3.624609881371725351 0 0.299999999999999989 0.100000000000000006
connection 1 57 -0.212246143972151913 0 0.299999999999999989 0.100000000000000006
connection 2 57 -2.168212917695200304 0 0.299999999999999989 0.100000000000000006
connection 3 57 0.119776869949419051 0 0.299999999999999989 0.100000000000000006
connection 4 57 -0.284540659224148840 0 0.299999999999999989 0.100000000000000006
connection 5 57 2.837122975557576865 0 0.299999999999999989 0.100000000000000006
connection 6 57 -0.817753940049442463 0 0.299999999999999989 0.100000000000000006
connection 7 57 -1.644349980706465431 0 0.299999999999999989 0.100000000000000006
connection 8 57 -0.443395190464798361 0 0.299999999999999989 0.100000000000000006
connection 9 57 -0.518809762623277493 0 0.299999999999999989 0.100000000000000006
connection 10 57 -0.032371531415265054 0 0.299999999999999989 0.100000000000000006
connection 11 57 -0.822249862176249735 0 0.299999999999999989 0.100000000000000006
connection 12 57 0.552207906162948348 0 0.299999999999999989 0.100000000000000006
connection 13 57 1.917990051064407453 0 0.299999999999999989 0.100000000000000006
connection 14 57 -0.035930343939980958 0 0.299999999999999989 0.100000000000000006
connection 16 57 0.107903864030959085 0 0.299999999999999989 0.100000000000000006
connection 17 57 0.300996002741158009 0 0.299999999999999989 0.100000000000000006
connection 18 57 -0.388942779623903334 0 0.299999999999999989 0.100000000000000006
connection 19 57 -0.300718968603177927 0 0.299999999999999989 0.100000000000000006
connection 20 57 -0.128050289771636017 0 0.299999999999999989 0.100000000000000006
connection 21 57 0.431298257964954246 0 0.299999999999999989 0.100000000000000006
connection 22 57 -1.325835561670828611 0 0.299999999999999989 0.100000000000000006
connection 23 57 -0.895577155053615570 0 0.299999999999999989 0.100000000000000006
connection 24 57 0.127113397233188152 0 0.299999999999999989 0.100000000000000006
connection 25 57 1.152191723260330036 0 0.299999999999999989 0.100000000000000006
connection 26 57 -0.188426014297874644 0 0.299999999999999989 0.100000000000000006
connection 27 57 0.690541061339899898 0 0.299999999999999989 0.100000000000000006
connection 28 57 0.510631281016685534 0 0.299999999999999989 0.100000000000000006
connection 29 57 -1.659473229316063225 0 0.299999999999999989 0.100000000000000006
connection 30 57 -4.096729747168865288 0 0.299999999999999989 0.100000000000000006
connection 31 57 0.384352675537229516 0 0.299999999999999989 0.100000000000000006
connection 32 57 0.390878250371315517 0 0.299999999999999989 0.100000000000000006
connection 33 57 -1.513830362974886157 0 0.299999999999999989 0.100000000000000006
connection 34 57 0.589584868837846443 0 0.299999999999999989 0.100000000000000006
connection 36 57 2.236627963345654280 0 0.299999999999999989 0.100000000000000006
connection 37 57 -1.437436244348646142 0 0.299999999999999989 0.100000000000000006
connection 38 57 1.220728930813493207 0 0.299999999999999989 0.100000000000000006
connection 39 57 -0.025524924116325565 0 0.299999999999999989 0.100000000000000006
connection 40 57 1.552484608509985264 0 0.299999999999999989 0.100000000000000006
connection 41 57 -1.570356538868509233 0 0.299999999999999989 0.100000000000000006
connection 42 57 0.846814782009460032 0 0.299999999999999989 0.100000000000000006
connection 43 57 1.774291316978633404 0 0.299999999999999989 0.100000000000000006
connection 44 57 0.503880990072502755 0 0.299999999999999989 0.100000000000000006
connection 45 57 -5.620920028137334157 0 0.299999999999999989 0.100000000000000006
connection 46 57 -0.205453354123164900 0 0.299999999999999989 0.100000000000000006
connection 47 57 0.238762916065752506 0 0.299999999999999989 0.100000000000000006
connection 0 58 -0.625398439471609890 0 0.299999999999999989 0.100000000000000006
connection 2 58 1.380060676587163471 0 0.299999999999999989 0.100000000000000006
connection 3 58 0.386399830356822349 0 0.299999999999999989 0.100000000000000006
connection 4 58 -1.112126955025814823 0 0.299999999999999989 0.100000000000000006
connection 5 58 1.077373449696096941 0 0.299999999999999989 0.100000000000000006
connection 6 58 -0.694214804621879011 0 0.299999999999999989 0.100000000000000006
connection 7 58 -1.026140007510548458 0 0.299999999999999989 0.100000000000000006
connection 8 58 -1.088769680820405483 0 0.299999999999999989 0.100000000000000006
connection 9 58 -0.733606462163152173 0 0.299999999999999989 0.100000000000000006
connection 10 58 3.161230838139090338 0 0.299999999999999989 0.100000000000000006
connection 11 58 1.169606838157051243 0 0.299999999999999989 0.100000000000000006
connection 12 58 -0.801072133544948883 0 0.299999999999999989 0.100000000000000006
connection 13 58 -0.293127373799507041 0 0.299999999999999989 0.100000000000000006
connection 14 58 -0.389031773971510120 0 0.299999999999999989 0.100000000000000006
connection 15 58 1.446028871701855678 0 0.299999999999999989 0.100000000000000006
connection 16 58 0.609735497811925597 0 0.299999999999999989 0.100000000000000006
connection 17 58 3.682536984910257161 0 0.299999999999999989 0.100000000000000006
connection 18 58 3.842019044779590331 0 0.299999999999999989 0.100000000000000006
connection 19 58 -0.855149183495086618 0 0.299999999999999989 0.100000000000000006
connection 20 58 -1.635201735854934668 0 0.299999999999999989 0.100000000000000006
connection 21 58 -0.468803680603741668 0 0.299999999999999989 0.100000000000000006
connection 22 58 -0.274369077815208584 0 0.299999999999999989 0.100000000000000006
connection 23 58 0.657403813587734476 0 0.299999999999999989 0.100000000000000006
connection 24 58 0.696616498637013137 0 0.299999999999999989 0.100000000000000006
connection 25 58 -2.430709283213218441 0 0.299999999999999989 0.100000000000000006
connection 26 58 -1.347827747438714141 0 0.299999999999999989 0.100000000000000006
connection 27 58 -1.073163026536349207 0 0.299999999999999989 0.100000000000000006
connection 28 58 -0.016650915611535311 0 0.299999999999999989 0.100000000000000006
connection 29 58 -0.296042818416026421 0 0.299999999999999989 0.100000000000000006
connection 30 58 0.515581288695102558 0 0.299999999999999989 0.100000000000000006
connection 31 58 0.770741221144817246 0 0.299999999999999989 0.100000000000000006
connection 32 58 -0.517426997539587319 0 0.299999999999999989 0.100000000000000006
connection 33 58 0.062000912988878554 0 0.299999999999999989 0.100000000000000006
connection 34 58 2.919746153624146245 0 0.299999999999999989 0.100000000000000006
connection 36 58 0.154432255949359387 0 0.299999999999999989 0.100000000000000006
connection 37 58 -2.228996517784253228 0 0.299999999999999989 0.100000000000000006
connection 38 58 1.414492738535955141 0 0.299999999999999989 0.100000000000000006
connection 39 58 -0.572667319356696680 0 0.299999999999999989 0.100000000000000006
connection 40 58 -0.525771177199203521 0 0.299999999999999989 0.100000000000000006
connection 41 58 -0.748527502408251166 0 0.299999999999999989 0.100000000000000006
connection 42 58 -0.202011520712403581 0 0.299999999999999989 0.100000000000000006
connection 43 58 1.031641812296584249 0 0.299999999999999989 0.100000000000000006
connection 44 58 0.189686067649745382 0 0.299999999999999989 0.100000000000000006
connection 45 58 -0.779184799677750561 0 0.299999999999999989 0.100000000000000006
connection 46 58 -0.438957201433368027 0 0.299999999999999989 0.100000000000000006
connection 47 58 -0.673839812981896102 0 0.299999999999999989 0.100000000000000006
connection 0 59 3.790458083909470588 0 0.299999999999999989 0.100000000000000006
connection 1 59 0.035391700344916899 0 0.299999999999999989 0.100000000000000006
connection 2 59 1.692643248352396768 0 0.299999999999999989 0.100000000000000006
connection 3 59 2.797331224654044490 0 0.299999999999999989 0.100000000000000006
connection 4 59 -1.317066900577628985 0 0.299999999999999989 0.100000000000000006
connection 5 59 0.013138939175405540 0 0.299999999999999989 0.100000000000000006
connection 6 59 0.064354544607340358 0 0.299999999999999989 0.100000000000000006
connection 7 59 0.221586886676959693 0 0.299999999999999989 0.100000000000000006
connection 8 59 -4.121429007409460610 0 0.299999999999999989 0.100000000000000006
connection 10 59 -0.023053047771099955 0 0.299999999999999989 0.100000000000000006
connection 12 59 -1.010371246899012476 0 0.299999999999999989 0.100000000000000006
connection 13 59 -0.382029717482510023 0 0.299999999999999989 0.100000000000000006
connection 14 59 2.426786706695565954 0 0.299999999999999989 0.100000000000000006
connection 15 59 -5.837589464106713422 0 0.299999999999999989 0.100000000000000006
connection 16 59 0.737499058814137243 0 0.299999999999999989 0.100000000000000006
connection 17 59 -0.080986998276785016 0 0.299999999999999989 0.100000000000000006
connection 18 59 0.844883358073275303 0 0.299999999999999989 0.100000000000000006
connection 19 59 -1.224742870617774315 0 0.299999999999999989 0.100000000000000006
connection 20 59 5.475470006515934074 0 0.299999999999999989 0.100000000000000006
connection 21 59 -1.115691478480584919 0 0.299999999999999989 0.100000000000000006
connection 22 59 -2.617210793483536690 0 0.299999999999999989 0.100000000000000006
connection 23 59 -0.544459854965680279 0 0.299999999999999989 0.100000000000000006
connection 24 59 -1.348754828111850657 0 0.299999999999999989 0.100000000000000006
connection 25 59 0.103455008895252831 0 0.299999999999999989 0.100000000000000006
connection 26 59 -0.049125093020847999 0 0.299999999999999989 0.100000000000000006
connection 27 59 -4.026642253425052331 0 0.299999999999999989 0.100000000000000006
connection 28 59 1.745512002882605884 0 0.299999999999999989 0.100000000000000006
connection 29 59 -0.369781188623164780 0 0.299999999999999989 0.100000000000000006
connection 30 59 0.835928426589816809 0 0.299999999999999989 0.100000000000000006
connection 31 59 -0.273384152969811112 0 0.299999999999999989 0.100000000000000006
connection 32 59 2.010731723043136299 0 0.299999999999999989 0.100000000000000006
connection 33 59 -0.302474664684268646 0 0.299999999999999989 0.100000000000000006
connection 34 59 2.677166615496389568 0 0.299999999999999989 0.100000000000000006
connection 35 59 0.282341450802050531 0 0.299999999999999989 0.100000000000000006
connection 36 59 0.764243910934737869 0 0.299999999999999989 0.100000000000000006
connection 37 59 -0.237678596749901772 0 0.299999999999999989 0.100000000000000006
connection 38 59 -1.155361629447725136 0 0.299999999999999989 0.100000000000000006
connection 39 59 -0.878581102861062391 0 0.299999999999999989 0.100000000000000006
connection 41 59 -1.150467767438385636 0 0.299999999999999989 0.100000000000000006
connection 42 59 -0.303951818816130981 0 0.299999999999999989 0.100000000000000006
connection 43 59 -0.577820654143579304 0 0.299999999999999989 0.100000000000000006
connection 44 59 -0.192525644160923548 0 0.299999999999999989 0.100000000000000006
connection 45 59 0.059242399875074625 0 0.299999999999999989 0.100000000000000006
connection 46 59 -0.308396609965711832 0 0.299999999999999989 0.100000000000000006
connection 47 59 -0.829056059090021336 0 0.299999999999999989 0.100000000000000006
connection 0 60 0.577196791535243392 0 0.299999999999999989 0.100000000000000006
connection 1 60 -2.957492886504041962 0 0.299999999999999989 0.100000000000000006
connection 2 60 1.028544315617182292 0 0.299999999999999989 0.100000000000000006
connection 3 60 -1.829348176754137967 0 0.299999999999999989 0.100000000000000006
connection 4 60 0.447548658034065738 0 0.299999999999999989 0.100000000000000006
connection 5 60 -1.117852063514874317 0 0.299999999999999989 0.100000000000000006
connection 6 60 0.583463291976840992 0 0.299999999999999989 0.100000000000000006
connection 7 60 1.503326103571453132 0 0.299999999999999989 0.100000000000000006
connection 8 60 -2.021414298811578192 0 0.299999999999999989 0.100000000000000006
connection 9 60 -1.837638585420791060 0 0.299999999999999989 0.100000000000000006
connection 10 60 0.111439402360701934 0 0.299999999999999989 0.100000000000000006
connection 11 60 1.328596918727271259 0 0.299999999999999989 0.100000000000000006
connection 12 60 -1.263835205190844135 0 0.299999999999999989 0.100000000000000006
connection 13 60 -1.477224259171634912 0 0.299999999999999989 0.100000000000000006
connection 14 60 -1.742194645863492042 0 0.299999999999999989 0.100000000000000006
connection 15 60 -0.013845571324054617 0 0.299999999999999989 0.100000000000000006
connection 16 60 -1.116150955291232094 0 0.299999999999999989 0.100000000000000006
connection 17 60 0.015048078916152008 0 0.299999999999999989 0.100000000000000006
connection 18 60 -1.003997211853857152 0 0.299999999999999989 0.100000000000000006
connection 19 60 0.072654416289879009 0 0.299999999999999989 0.100000000000000006
connection 20 60 -1.492002048995345831 0 0.299999999999999989 0.100000000000000006
connection 22 60 -0.119968277878797380 0 0.299999999999999989 0.100000000000000006
connection 23 60 1.324236560380086303 0 0.299999999999999989 0.100000000000000006
connection 24 60 -3.916383140531252138 0 0.299999999999999989 0.100000000000000006
connection 25 60 -0.104698381117486861 0 0.299999999999999989 0.100000000000000006
connection 26 60 1.769438061950495467 0 0.299999999999999989 0.100000000000000006
connection 27 60 -0.282167252866202034 0 0.299999999999999989 0.100000000000000006
connection 28 60 -0.379450449006981216 0 0.299999999999999989 0.100000000000000006
connection 29 60 2.778451599893742241 0 0.299999999999999989 0.100000000000000006
connection 30 60 -0.181159655534429476 0 0.299999999999999989 0.100000000000000006
connection 31 60 0.368324145762016997 0 0.299999999999999989 0.100000000000000006
connection 32 60 -0.611105185540509410 0 0.299999999999999989 0.100000000000000006
connection 33 60 2.970397791636059992 0 0.299999999999999989 0.100000000000000006
connection 34 60 0.104535443126223981 0 0.299999999999999989 0.100000000000000006
connection 35 60 0.601929388081771322 0 0.299999999999999989 0.100000000000000006
connection 36 60 1.373432431773835560 0 0.299999999999999989 0.100000000000000006
connection 37 60 0.169821190283983015 0 0.299999999999999989 0.100000000000000006
connection 38 60 -1.531721915453090332 0 0.299999999999999989 0.100000000000000006
connection 39 60 1.377284430272993632 0 0.299999999999999989 0.100000000000000006
connection 40 60 -0.488868060230743140 0 0.299999999999999989 0.100000000000000006
connection 41 60 1.449132173001999035 0 0.299999999999999989 0.100000000000000006
connection 42 60 0.469514333730330691 0 0.299999999999999989 0.100000000000000006
connection 43 60 1.650020249944645911 0 0.299999999999999989 0.100000000000000006
connection 45 60 -1.204066391612286679 0 0.299999999999999989 0.100000000000000006
connection 46 60 -0.374970288277836516 0 0.299999999999999989 0.100000000000000006
connection 47 60 2.787332238222006708 0 0.299999999999999989 0.100000000000000006
connection 1 61 -0.444243902209564112 0 0.299999999999999989 0.100000000000000006
connection 2 61 0.890175012726103887 0 0.299999999999999989 0.100000000000000006
connection 3 61 -1.665792014515318442 0 0.299999999999999989 0.100000000000000006
connection 4 61 -2.040684469553525560 0 0.299999999999999989 0.100000000000000006
connection 5 61 0.498702142183901742 0 0.299999999999999989 0.100000000000000006
connection 6 61 0.023524438787717372 0 0.299999999999999989 0.100000000000000006
connection 7 61 1.431507439818233252 0 0.299999999999999989 0.100000000000000006
connection 8 61 0.796201104953070171 0 0.299999999999999989 0.100000000000000006
connection 9 61 1.186859415582148358 0 0.299999999999999989 0.100000000000000006
connection 10 61 0.383546548124286346 0 0.299999999999999989 0.100000000000000006
connection 11 61 0.858900700128288008 0 0.299999999999999989 0.100000000000000006
connection 12 61 -0.919289694225881249 0 0.299999999999999989 0.100000000000000006
connection 13 61 2.288031304487958550 0 0.299999999999999989 0.100000000000000006
connection 14 61 0.600170605728635564 0 0.299999999999999989 0.100000000000000006
connection 15 61 0.519696383373229764 0 0.299999999999999989 0.100000000000000006
connection 16 61 0.707095927326008677 0 0.299999999999999989 0.100000000000000006
connection 17 61 0.368410475988639519 0 0.299999999999999989 0.100000000000000006
connection 18 61 2.150083537184400484 0 0.299999999999999989 0.100000000000000006
connection 19 61 -2.358566668786806986 0 0.299999999999999989 0.100000000000000006
connection 20 61 -0.818427941921981983 0 0.299999999999999989 0.100000000000000006
connection 21 61 1.807923720407416113 0 0.299999999999999989 0.100000000000000006
connection 22 61 2.832768850123102311 0 0.299999999999999989 0.100000000000000006
connection 23 61 1.261156671869684942 0 0.299999999999999989 0.100000000000000006
connection 24 61 -1.430275572754908353 0 0.299999999999999989 0.100000000000000006
connection 25 61 0.283602018695091829 0 0.299999999999999989 0.100000000000000006
connection 26 61 0.234417327272240072 0 0.299999999999999989 0.100000000000000006
connection 27 61 -0.181742888744338416 0 0.299999999999999989 0.100000000000000006
connection 28 61 -1.084070545315626077 0 0.299999999999999989 0.100000000000000006
connection 30 61 -0.099549943945021369 0 0.299999999999999989 0.100000000000000006
connection 32 61 1.010662759857950732 0 0.299999999999999989 0.100000000000000006
connection 33 61 0.838614836204214953 0 0.299999999999999989 0.100000000000000006
connection 34 61 0.042146443469391670 0 0.299999999999999989 0.100000000000000006
connection 35 61 -1.336244134741718881 0 0.299999999999999989 0.100000000000000006
connection 36 61 -1.379242962531861849 0 0.299999999999999989 0.100000000000000006
connection 37 61 2.021390476133092307 0 0.299999999999999989 0.100000000000000006
connection 38 61 0.108117053023306653 0 0.299999999999999989 0.100000000000000006
connection 39 61 1.574383969356858870 0 0.299999999999999989 0.100000000000000006
connection 40 61 0.241532273706980050 0 0.299999999999999989 0.100000000000000006
connection 41 61 0.489759212970966473 0 0.299999999999999989 0.100000000000000006
connection 42 61 1.259646922844694927 0 0.299999999999999989 0.100000000000000006
connection 43 61 -0.674983058777456790 0 0.299999999999999989 0.100000000000000006
connection 44 61 -0.511712122315657325 0 0.299999999999999989 0.100000000000000006
connection 45 61 0.794903208472533152 0 0.299999999999999989 0.100000000000000006
connection 46 61 -0.757082334937877022 0 0.299999999999999989 0.100000000000000006
connection 47 61 -1.086941145702439826 0 0.299999999999999989 0.100000000000000006
connection 0 62 -2.887479157769121230 0 0.299999999999999989 0.100000000000000006
connection 1 62 1.531447272049263120 0 0.299999999999999989 0.100000000000000006
connection 2 62 1.006148255757580046 0 0.299999999999999989 0.100000000000000006
connection 3 62 -0.645943033203366213 0 0.299999999999999989 0.100000000000000006
connection 4 62 0.706432633754502604 0 0.299999999999999989 0.100000000000000006
connection 5 62 -0.861416088882833719 0 0.299999999999999989 0.100000000000000006
connection 6 62 -0.364056954029365443 0 0.299999999999999989 0.100000000000000006
connection 7 62 1.292426380183314905 0 0.299999999999999989 0.100000000000000006
connection 8 62 0.283850057006930001 0 0.299999999999999989 0.100000000000000006
connection 9 62 -0.090020702875335701 0 0.299999999999999989 0.100000000000000006
connection 10 62 -0.755062277610704768 0 0.299999999999999989 0.100000000000000006
connection 11 62 0.962851616786792874 0 0.299999999999999989 0.100000000000000006
connection 12 62 -0.968875542006571777 0 0.299999999999999989 0.100000000000000006
connection 13 62 1.718897108730743639 0 0.299999999999999989 0.100000000000000006
connection 14 62 0.122820380864141043 0 0.299999999999999989 0.100000000000000006
connection 15 62 0.267986949518672191 0 0.299999999999999989 0.100000000000000006
connection 17 62 1.487250392354326323 0 0.299999999999999989 0.100000000000000006
connection 18 62 -2.824927821566234343 0 0.299999999999999989 0.100000000000000006
connection 19 62 0.698765447843470611 0 0.299999999999999989 0.100000000000000006
connection 20 62 1.363512881183851277 0 0.299999999999999989 0.100000000000000006
connection 22 62 -0.500874071134603582 0 0.299999999999999989 0.100000000000000006
connection 23 62 -1.123122614138992503 0 0.299999999999999989 0.100000000000000006
connection 24 62 0.053556955566818942 0 0.299999999999999989 0.100000000000000006
connection 25 62 0.375451036394224502 0 0.299999999999999989 0.100000000000000006
connection 26 62 0.338789947112672962 0 0.299999999999999989 0.100000000000000006
connection 27 62 1.369360500008042436 0 0.299999999999999989 0.100000000000000006
connection 28 62 -1.184456559314185142 0 0.299999999999999989 0.100000000000000006
connection 29 62 2.031523267272859812 0 0.299999999999999989 0.100000000000000006
connection 30 62 1.576489255443448201 0 0.299999999999999989 0.100000000000000006
connection 31 62 -1.486562747733842116 0 0.299999999999999989 0.100000000000000006
connection 32 62 2.122985810390673578 0 0.299999999999999989 0.100000000000000006
connection 33 62 -1.658389707910828292 0 0.299999999999999989 0.100000000000000006
connection 34 62 0.787268721076543443 0 0.299999999999999989 0.100000000000000006
connection 35 62 -0.066912115078594070 0 0.299999999999999989 0.100000000000000006
connection 36 62 0.906279487564461306 0 0.299999999999999989 0.100000000000000006
connection 37 62 0.149856615957105532 0 0.299999999999999989 0.100000000000000006
connection 38 62 -1.503786632223636843 0 0.299999999999999989 0.100000000000000006
connection 39 62 5.259064142675924813 0 0.299999999999999989 0.100000000000000006
connection 40 62 -3.853119693703774828 0 0.299999999999999989 0.100000000000000006
connection 41 62 0.325088534576934762 0 0.299999999999999989 0.100000000000000006
connection 42 62 -1.409661079856959987 0 0.299999999999999989 0.100000000000000006
connection 43 62 -2.192847813683329150 0 0.299999999999999989 0.100000000000000006
connection 44 62 0.238211835385300219 0 0.299999999999999989 0.100000000000000006
connection 45 62 -0.894945798077969812 0 0.299999999999999989 0.100000000000000006
connection 46 62 0.400784956575080287 0 0.299999999999999989 0.100000000000000006
connection 47 62 0.581435286992928013 0 0.299999999999999989 0.100000000000000006
connection 53 48 -0.254716793082479853 0 0.299999999999999989 0.100000000000000006
connection 54 48 1.620262714990531094 0 0.299999999999999989 0.100000000000000006
connection 55 48 0.938761830184375867 0 0.299999999999999989 0.100000000000000006
connection 56 48 1.213388406351441517 0 0.299999999999999989 0.100000000000000006
connection 57 48 -1.168912958266446367 0 0.299999999999999989 0.100000000000000006
connection 58 48 0.543513483569768141 0 0.299999999999999989 0.100000000000000006
connection 59 48 0.951856089959619567 0 0.299999999999999989 0.100000000000000006
connection 60 48 -0.803939430901664309 0 0.299999999999999989 0.100000000000000006
connection 61 48 0.327420631059794687 0 0.299999999999999989 0.100000000000000006
connection 53 49 -0.603420434461440891 0 0.299999999999999989 0.100000000000000006
connection 54 49 -0.299138862843392417 0 0.299999999999999989 0.100000000000000006
connection 55 49 -1.783584533614430256 0 0.299999999999999989 0.100000000000000006
connection 56 49 0.574319017585366964 0 0.299999999999999989 0.100000000000000006
connection 57 49 -0.725215399419539608 0 0.299999999999999989 0.100000000000000006
connection 58 49 -1.053825680994805225 0 0.299999999999999989 0.100000000000000006
connection 59 49 1.380347208425519057 0 0.299999999999999989 0.100000000000000006
connection 60 49 0.885860387639695546 0 0.299999999999999989 0.100000000000000006
connection 61 49 1.378899245522916317 0 0.299999999999999989 0.100000000000000006
connection 62 49 -0.122344456663995516 0 0.299999999999999989 0.100000000000000006
connection 53 50 -2.046442681021289900 0 0.299999999999999989 0.100000000000000006
connection 55 50 0.092358377019991167 0 0.299999999999999989 0.100000000000000006
connection 56 50 0.804458107566460967 0 0.299999999999999989 0.100000000000000006
connection 57 50 2.219111071244697087 0 0.299999999999999989 0.100000000000000006
connection 58 50 -0.531423036514752312 0 0.299999999999999989 0.100000000000000006
connection 59 50 -2.105990567331900820 0 0.299999999999999989 0.100000000000000006
connection 60 50 0.217040859759435989 0 0.299999999999999989 0.100000000000000006
connection 61 50 -2.206082288394100033 0 0.299999999999999989 0.100000000000000006
connection 62 50 0.780327687105454970 0 0.299999999999999989 0.100000000000000006
connection 53 51 -1.656316797922045225 0 0.299999999999999989 0.100000000000000006
connection 55 51 -1.786328352820419241 0 0.299999999999999989 0.100000000000000006
connection 56 51 -0.004683491657488048 0 0.299999999999999989 0.100000000000000006
connection 57 51 0.584112873606500216 0 0.299999999999999989 0.100000000000000006
connection 58 51 -1.259121672621404286 0 0.299999999999999989 0.100000000000000006
connection 59 51 -0.151703947398345917 0 0.299999999999999989 0.100000000000000006
connection 60 51 -0.434046688736998476 0 0.299999999999999989 0.100000000000000006
connection 61 51 0.891859035284142010 0 0.299999999999999989 0.100000000000000006
connection 62 51 -0.798731151618994772 0 0.299999999999999989 0.100000000000000006
connection 53 52 0.240466875111451373 0 0.299999999999999989 0.100000000000000006
connection 54 52 -1.809111380796821322 0 0.299999999999999989 0.100000000000000006
connection 55 52 1.615831181758949242 0 0.299999999999999989 0.100000000000000006
connection 56 52 0.314468948141438887 0 0.299999999999999989 0.100000000000000006
connection 57 52 0.674169646394148003 0 0.299999999999999989 0.100000000000000006
connection 58 52 0.091155434027314186 0 0.299999999999999989 0.100000000000000006
connection 59 52 0.893901228191680275 0 0.299999999999999989 0.100000000000000006
connection 60 52 1.082973706259508617 0 0.299999999999999989 0.100000000000000006
connection 61 52 -0.230730216462688986 0 0.299999999999999989 0.100000000000000006
connection 62 52 0.953026567673077807 0 0.299999999999999989 0.100000000000000006
connection 47 48 -1.129168800820480101 0 0.299999999999999989 0.100000000000000006
connection 47 49 -0.376316499510721769 0 0.299999999999999989 0.100000000000000006
connection 47 50 1.963633401013794355 0 0.299999999999999989 0.100000000000000006
connection 47 52 0.380366750177927315 0 0.299999999999999989 0.100000000000000006
connection 0 49 0.701547120006580371 0 0.299999999999999989 0.100000000000000006
connection 51 55 1.184884441521717235 1 0.299999999999999989 0.100000000000000006
connection 20 51 3.495587414911369706 0 0.299999999999999989 0.100000000000000006
connection 49 49 1.052259953379689250 1 0.299999999999999989 0.100000000000000006
connection 19 50 1.228089928386907559 0 0.299999999999999989 0.100000000000000006
connection 45 50 1.299791299432399683 0 0.299999999999999989 0.100000000000000006
connection 19 52 0.482623467032681219 0 0.299999999999999989 0.100000000000000006
connection 30 63 -0.837062184233218431 0 0.299999999999999989 0.100000000000000006
connection 63 53 0.151404370204545557 0 0.299999999999999989 0.100000000000000006
connection 55 60 1.284183679456873506 0 0.299999999999999989 0.100000000000000006
connection 35 64 1.553103466721950099 0 0.299999999999999989 0.100000000000000006
connection 64 57 -0.901787773313117214 0 0.299999999999999989 0.100000000000000006
connection 50 54 1.131462580029619858 1 0.299999999999999989 0.100000000000000006
connection 48 61 -2.099115210009358634 1 0.299999999999999989 0.100000000000000006
connection 60 61 -2.665797652443870902 0 0.299999999999999989 0.100000000000000006
connection 20 65 -1.366181112942285836 0 0.299999999999999989 0.100000000000000006
connection 65 49 -1.100325108876859304 0 0.299999999999999989 0.100000000000000006
connection 47 65 -1.038704252932802774 0 0.299999999999999989 0.100000000000000006
connection 42 51 -2.395152857978018801 0 0.299999999999999989 0.100000000000000006
connection 61 57 0.450070903279993217 0 0.299999999999999989 0.100000000000000006
connection 26 51 0.229217539977980778 0 0.299999999999999989 0.100000000000000006
connection 50 50 0.012628998869331554 1 0.299999999999999989 0.100000000000000006
connection 28 66 -1.657486060041264864 0 0.299999999999999989 0.100000000000000006
connection 66 53 2.192361319175688550 0 0.299999999999999989 0.100000000000000006
connection 37 65 -0.062563529601902701 0 0.299999999999999989 0.100000000000000006
connection 16 67 1.223575935262488201 0 0.299999999999999989 0.100000000000000006
connection 67 62 -0.740555401978781447 0 0.299999999999999989 0.100000000000000006
connection 44 66 1.392203605646500364 0 0.299999999999999989 0.100000000000000006
connection 55 67 1.170564451997051947 1 0.299999999999999989 0.100000000000000006
connection 51 62 0.544659250892436830 1 0.299999999999999989 0.100000000000000006
connection 4 68 0.126290373838855885 0 0.299999999999999989 0.100000000000000006
connection 68 56 -0.364979899255558848 0 0.299999999999999989 0.100000000000000006
connection 36 65 0.203050896205240861 0 0.299999999999999989 0.100000000000000006
connection 23 69 -0.047940251315594651 0 0.299999999999999989 0.100000000000000006
connection 69 54 -1.004510857761488296 0 0.299999999999999989 0.100000000000000006
connection 6 51 -0.755608979584849294 0 0.299999999999999989 0.100000000000000006
connection 31 70 -1.460772499383892864 0 0.299999999999999989 0.100000000000000006
connection 70 61 0.331760324697825126 0 0.299999999999999989 0.100000000000000006
connection 49 62 0.126155847159679979 1 0.299999999999999989 0.100000000000000006
connection 67 67 -0.830466781044378877 1 0.299999999999999989 0.100000000000000006
connection 16 69 0.514366379804414464 0 0.299999999999999989 0.100000000000000006
connection 0 51 -1.623331611051980872 0 0.299999999999999989 0.100000000000000006
connection 71 53 -1.179906935867620632 0 0.299999999999999989 0.100000000000000006
connection 45 51 1.880332412023562938 0 0.299999999999999989 0.100000000000000006
connection 40 72 -0.378180678427270323 0 0.299999999999999989 0.100000000000000006
connection 72 57 -0.093718724805512466 0 0.299999999999999989 0.100000000000000006
connection 42 70 -1.446817812713561580 0 0.299999999999999989 0.100000000000000006
connection 67 65 -3.001203402699275102 0 0.299999999999999989 0.100000000000000006
connection 6 70 -0.062846900706063025 0 0.299999999999999989 0.100000000000000006
connection 62 73 -0.310260928410798442 0 0.299999999999999989 0.100000000000000006
connection 73 48 1.704657444308395498 0 0.299999999999999989 0.100000000000000006
connection 50 72 0.662402639398351312 1 0.299999999999999989 0.100000000000000006
connection 41 69 -0.469296378156286664 0 0.299999999999999989 0.100000000000000006
connection 5 73 0.870005895696522202 0 0.299999999999999989 0.100000000000000006
connection 25 50 0.651676808842239552 0 0.299999999999999989 0.100000000000000006
connection 36 71 -0.605618094574310817 0 0.299999999999999989 0.100000000000000006
connection 60 69 -1.205458171840291470 1 0.299999999999999989 0.100000000000000006
connection 1 74 -0.167264223389793187 0 0.299999999999999989 0.100000000000000006
connection 74 58 2.521257584099657834 0 0.299999999999999989 0.100000000000000006
connection 1 71 0.656826645119508612 0 0.299999999999999989 0.100000000000000006
connection 66 62 -0.149501628235157114 0 0.299999999999999989 0.100000000000000006
connection 4 70 0.788178189715608823 0 0.299999999999999989 0.100000000000000006
connection 73 49 -0.451407133674365468 0 0.299999999999999989 0.100000000000000006
connection 8 69 -1.369263163302093744 0 0.299999999999999989 0.100000000000000006
connection 44 75 -1.285437745085800998 0 0.299999999999999989 0.100000000000000006
connection 75 60 -0.659199253714177758 0 0.299999999999999989 0.100000000000000006
connection 54 74 0.534541477230959572 1 0.299999999999999989 0.100000000000000006
connection 54 76 -0.776150587640586309 0 0.299999999999999989 0.100000000000000006
connection 76 51 -0.516890288192371372 0 0.299999999999999989 0.100000000000000006
connection 63 57 1.857599401919287629 0 0.299999999999999989 0.100000000000000006
connection 13 64 -1.862622348344302736 0 0.299999999999999989 0.100000000000000006
connection 7 67 -1.598984232943621464 0 0.299999999999999989 0.100000000000000006
connection 7 63 0.784100607896107249 0 0.299999999999999989 0.100000000000000006
connection 30 75 1.311499959861976095 0 0.299999999999999989 0.100000000000000006
connection 58 74 -0.191613645569304936 1 0.299999999999999989 0.100000000000000006
connection 31 77 1.079225675603083801 0 0.299999999999999989 0.100000000000000006
connection 77 55 0.277212124492507428 0 0.299999999999999989 0.100000000000000006
connection 15 78 1.579188171075657010 0 0.299999999999999989 0.100000000000000006
connection 78 57 -1.196021153475157917 0 0.299999999999999989 0.100000000000000006
connection 2 79 0.172153305698884651 0 0.299999999999999989 0.100000000000000006
connection 79 71 -0.642828178359195590 0 0.299999999999999989 0.100000000000000006
connection 21 80 -0.385812116786837578 0 0.299999999999999989 0.100000000000000006
connection 80 60 0.554647220997139812 0 0.299999999999999989 0.100000000000000006
connection 23 65 1.140051929047331214 0 0.299999999999999989 0.100000000000000006
connection 54 81 0.789013799512758851 0 0.299999999999999989 0.100000000000000006
connection 81 50 -0.125684400089085102 0 0.299999999999999989 0.100000000000000006
connection 27 78 0.093829686753451824 0 0.299999999999999989 0.100000000000000006
connection 69 74 -0.775916691636666656 0 0.299999999999999989 0.100000000000000006
connection 47 74 -0.010769110871478915 0 0.299999999999999989 0.100000000000000006
connection 67 55 0.551052855327725410 0 0.299999999999999989 0.100000000000000006
connection 53 82 -0.139307865872979164 0 0.299999999999999989 0.100000000000000006
connection 82 54 -0.068882316583767533 0 0.299999999999999989 0.100000000000000006
connection 72 60 -0.868923495523631573 0 0.299999999999999989 0.100000000000000006
connection 3 72 0.574812646722421050 0 0.299999999999999989 0.100000000000000006
connection 80 62 -0.061874577077105641 0 0.299999999999999989 0.100000000000000006
connection 19 68 -0.863157485844567418 0 0.299999999999999989 0.100000000000000006
connection 65 81 -0.468441519886255264 0 0.299999999999999989 0.100000000000000006
connection 53 71 0.414213509298861027 1 0.299999999999999989 0.100000000000000006
connection 0 83 -0.108364005107432604 0 0.299999999999999989 0.100000000000000006
connection 83 61 -0.218753827968612313 0 0.299999999999999989 0.100000000000000006
connection 33 80 -0.915957541437819600 0 0.299999999999999989 0.100000000000000006
connection 83 50 0.544245870085433125 0 0.299999999999999989 0.100000000000000006
connection 11 84 -0.786020522704347968 0 0.299999999999999989 0.100000000000000006
connection 84 59 -0.290568499593064189 0 0.299999999999999989 0.100000000000000006
connection 45 79 -0.060171646531671286 0 0.299999999999999989 0.100000000000000006
connection 69 70 -0.213795694522559643 0 0.299999999999999989 0.100000000000000006
connection 80 48 -0.092180757550522685 0 0.299999999999999989 0.100000000000000006
connection 37 85 -0.618710169102996588 0 0.299999999999999989 0.100000000000000006
connection 85 56 0.174628316657617688 0 0.299999999999999989 0.100000000000000006
connection 24 85 0.210523738991469145 0 0.299999999999999989 0.100000000000000006
connection 73 60 -0.080753494286909699 1 0.299999999999999989 0.100000000000000006
connection 28 71 0.040745185222476721 0 0.299999999999999989 0.100000000000000006
NNend

