NNstart
48 5
neuron 1 0.000000000000000000 0.000000000000000000 0.000000000000000000 0.000000000000000000 1 0.000000000000000000
neuron 1 0.000000000000000000 0.000000000000000000 0.000000000000000000 0.000000000000000000 1 0.000000000000000000
neuron 1 0.000000000000000000 0.000000000000000000 0.000000000000000000 0.000000000000000000 1 0.000000000000000000
neuron 1 0.000000000000000000 0.000000000000000000 0.000000000000000000 0.000000000000000000 1 0.000000000000000000
neuron 1 0.000000000000000000 0.000000000000000000 0.000000000000000000 0.000000000000000000 1 0.000000000000000000
neuron 1 0.000000000000000000 0.000000000000000000 0.000000000000000000 0.000000000000000000 1 0.000000000000000000
neuron 1 0.000000000000000000 0.000000000000000000 0.000000000000000000 0.000000000000000000 1 0.000000000000000000
neuron 1 0.000000000000000000 0.000000000000000000 0.000000000000000000 0.000000000000000000 1 0.000000000000000000
neuron 1 0.000000000000000000 0.000000000000000000 0.000000000000000000 0.000000000000000000 1 0.000000000000000000
neuron 1 0.000000000000000000 0.000000000000000000 0.000000000000000000 0.000000000000000000 1 0.000000000000000000
neuron 1 0.000000000000000000 0.000000000000000000 0.000000000000000000 0.000000000000000000 1 0.000000000000000000
neuron 1 0.000000000000000000 0.000000000000000000 0.000000000000000000 0.000000000000000000 1 0.000000000000000000
neuron 1 0.000000000000000000 0.000000000000000000 0.000000000000000000 0.000000000000000000 1 0.000000000000000000
neuron 1 0.000000000000000000 0.000000000000000000 0.000000000000000000 0.000000000000000000 1 0.000000000000000000
neuron 1 0.000000000000000000 0.000000000000000000 0.000000000000000000 0.000000000000000000 1 0.000000000000000000
neuron 1 0.000000000000000000 0.000000000000000000 0.000000000000000000 0.000000000000000000 1 0.000000000000000000
neuron 1 0.000000000000000000 0.000000000000000000 0.000000000000000000 0.000000000000000000 1 0.000000000000000000
neuron 1 0.000000000000000000 0.000000000000000000 0.000000000000000000 0.000000000000000000 1 0.000000000000000000
neuron 1 0.000000000000000000 0.000000000000000000 0.000000000000000000 0.000000000000000000 1 0.000000000000000000
neuron 1 0.000000000000000000 0.000000000000000000 0.000000000000000000 0.000000000000000000 1 0.000000000000000000
neuron 1 0.000000000000000000 0.000000000000000000 0.000000000000000000 0.000000000000000000 1 0.000000000000000000
neuron 1 0.000000000000000000 0.000000000000000000 0.000000000000000000 0.000000000000000000 1 0.000000000000000000
neuron 1 0.000000000000000000 0.000000000000000000 0.000000000000000000 0.000000000000000000 1 0.000000000000000000
neuron 1 0.000000000000000000 0.000000000000000000 0.000000000000000000 0.000000000000000000 1 0.000000000000000000
neuron 1 0.000000000000000000 0.000000000000000000 0.000000000000000000 0.000000000000000000 1 0.000000000000000000
neuron 1 0.000000000000000000 0.000000000000000000 0.000000000000000000 0.000000000000000000 1 0.000000000000000000
neuron 1 0.000000000000000000 0.000000000000000000 0.000000000000000000 0.000000000000000000 1 0.000000000000000000
neuron 1 0.000000000000000000 0.000000000000000000 0.000000000000000000 0.000000000000000000 1 0.000000000000000000
neuron 1 0.000000000000000000 0.000000000000000000 0.000000000000000000 0.000000000000000000 1 0.000000000000000000
neuron 1 0.000000000000000000 0.000000000000000000 0.000000000000000000 0.000000000000000000 1 0.000000000000000000
neuron 1 0.000000000000000000 0.000000000000000000 0.000000000000000000 0.000000000000000000 1 0.000000000000000000
neuron 1 0.000000000000000000 0.000000000000000000 0.000000000000000000 0.000000000000000000 1 0.000000000000000000
neuron 1 0.000000000000000000 0.000000000000000000 0.000000000000000000 0.000000000000000000 1 0.000000000000000000
neuron 1 0.000000000000000000 0.000000000000000000 0.000000000000000000 0.000000000000000000 1 0.000000000000000000
neuron 1 0.000000000000000000 0.000000000000000000 0.000000000000000000 0.000000000000000000 1 0.000000000000000000
neuron 1 0.000000000000000000 0.000000000000000000 0.000000000000000000 0.000000000000000000 1 0.000000000000000000
neuron 1 0.000000000000000000 0.000000000000000000 0.000000000000000000 0.000000000000000000 1 0.000000000000000000
neuron 1 0.000000000000000000 0.000000000000000000 0.000000000000000000 0.000000000000000000 1 0.000000000000000000
neuron 1 0.000000000000000000 0.000000000000000000 0.000000000000000000 0.000000000000000000 1 0.000000000000000000
neuron 1 0.000000000000000000 0.000000000000000000 0.000000000000000000 0.000000000000000000 1 0.000000000000000000
neuron 1 0.000000000000000000 0.000000000000000000 0.000000000000000000 0.000000000000000000 1 0.000000000000000000
neuron 1 0.000000000000000000 0.000000000000000000 0.000000000000000000 0.000000000000000000 1 0.000000000000000000
neuron 1 0.000000000000000000 0.000000000000000000 0.000000000000000000 0.000000000000000000 1 0.000000000000000000
neuron 1 0.000000000000000000 0.000000000000000000 0.000000000000000000 0.000000000000000000 1 0.000000000000000000
neuron 1 0.000000000000000000 0.000000000000000000 0.000000000000000000 0.000000000000000000 1 0.000000000000000000
neuron 1 0.000000000000000000 0.000000000000000000 0.000000000000000000 0.000000000000000000 1 0.000000000000000000
neuron 1 0.000000000000000000 0.000000000000000000 0.000000000000000000 0.000000000000000000 1 0.000000000000000000
neuron 2 0.000000000000000000 0.000000000000000000 0.000000000000000000 0.000000000000000000 1 0.000000000000000000
neuron 4 1.000000000000000000 0.000000000000000000 0.000000000000000000 0.000000000000000000 1 1.000000000000000000
neuron 4 1.000000000000000000 0.000000000000000000 0.000000000000000000 0.000000000000000000 1 1.000000000000000000
neuron 4 1.000000000000000000 0.000000000000000000 0.000000000000000000 0.000000000000000000 1 1.000000000000000000
neuron 4 1.000000000000000000 0.000000000000000000 0.000000000000000000 0.000000000000000000 1 1.000000000000000000
neuron 4 1.000000000000000000 0.000000000000000000 0.000000000000000000 0.000000000000000000 1 1.000000000000000000
neuron 3 1.000000000000000000 0.000000000000000000 0.000000000000000000 0.000000000000000000 1 0.500000000000000000
neuron 3 1.000000000000000000 0.000000000000000000 0.000000000000000000 0.000000000000000000 1 0.500000000000000000
neuron 3 1.000000000000000000 0.000000000000000000 0.000000000000000000 0.000000000000000000 1 0.500000000000000000
neuron 3 1.000000000000000000 0.000000000000000000 0.000000000000000000 0.000000000000000000 1 0.500000000000000000
neuron 3 1.000000000000000000 0.000000000000000000 0.000000000000000000 0.000000000000000000 1 0.500000000000000000
neuron 3 1.000000000000000000 0.000000000000000000 0.000000000000000000 0.000000000000000000 1 0.500000000000000000
neuron 3 1.000000000000000000 0.000000000000000000 0.000000000000000000 0.000000000000000000 1 0.500000000000000000
neuron 3 1.000000000000000000 0.000000000000000000 0.000000000000000000 0.000000000000000000 1 0.500000000000000000
neuron 3 1.000000000000000000 0.000000000000000000 0.000000000000000000 0.000000000000000000 1 0.500000000000000000
neuron 3 1.000000000000000000 0.000000000000000000 0.000000000000000000 0.000000000000000000 1 0.500000000000000000
neuron 3 1.000000000000000000 0.000000000000000000 0.000000000000000000 0.000000000000000000 2 0.250000000000000000
neuron 3 1.000000000000000000 0.000000000000000000 0.000000000000000000 0.000000000000000000 0 0.250000000000000000
neuron 3 1.000000000000000000 0.000000000000000000 0.000000000000000000 0.000000000000000000 1 0.250000000000000000
neuron 3 1.000000000000000000 0.000000000000000000 0.000000000000000000 0.000000000000000000 4 0.250000000000000000
neuron 3 1.000000000000000000 0.000000000000000000 0.000000000000000000 0.000000000000000000 1 0.250000000000000000
neuron 3 1.000000000000000000 0.000000000000000000 0.000000000000000000 0.000000000000000000 1 0.750000000000000000
neuron 3 1.000000000000000000 0.000000000000000000 0.000000000000000000 0.000000000000000000 1 0.250000000000000000
neuron 3 1.000000000000000000 0.000000000000000000 0.000000000000000000 0.000000000000000000 1 0.250000000000000000
neuron 3 1.000000000000000000 0.000000000000000000 0.000000000000000000 0.000000000000000000 2 0.250000000000000000
neuron 3 1.000000000000000000 0.000000000000000000 0.000000000000000000 0.000000000000000000 1 0.250000000000000000
neuron 3 1.000000000000000000 0.000000000000000000 0.000000000000000000 0.000000000000000000 2 0.250000000000000000
neuron 3 1.000000000000000000 0.000000000000000000 0.000000000000000000 0.000000000000000000 1 0.250000000000000000
neuron 3 1.000000000000000000 0.000000000000000000 0.000000000000000000 0.000000000000000000 1 0.750000000000000000
neuron 3 1.000000000000000000 0.000000000000000000 0.000000000000000000 0.000000000000000000 1 0.625000000000000000
neuron 3 1.000000000000000000 0.000000000000000000 0.000000000000000000 0.000000000000000000 1 0.250000000000000000
neuron 3 1.000000000000000000 0.000000000000000000 0.000000000000000000 0.000000000000000000 1 0.250000000000000000
neuron 3 1.000000000000000000 0.000000000000000000 0.000000000000000000 0.000000000000000000 1 0.250000000000000000
neuron 3 1.000000000000000000 0.000000000000000000 0.000000000000000000 0.000000000000000000 1 0.250000000000000000
neuron 3 1.000000000000000000 0.000000000000000000 0.000000000000000000 0.000000000000000000 4 0.250000000000000000
neuron 3 1.000000000000000000 0.000000000000000000 0.000000000000000000 0.000000000000000000 1 0.250000000000000000
neuron 3 1.000000000000000000 0.000000000000000000 0.000000000000000000 0.000000000000000000 1 0.250000000000000000
connection 0 53 -3.237664976390078664 0 0.299999999999999989 0.100000000000000006
connection 2 53 1.409091011514647107 0 0.299999999999999989 0.100000000000000006
connection 3 53 0.991500571719370782 0 0.299999999999999989 0.100000000000000006
connection 4 53 1.738497542683035135 0 0.299999999999999989 0.100000000000000006
connection 5 53 -0.494718123925849795 0 0.299999999999999989 0.100000000000000006
connection 6 53 -2.584501828940119594 0 0.299999999999999989 0.100000000000000006
connection 7 53 -1.595201222808100283 0 0.299999999999999989 0.100000000000000006
connection 8 53 0.031681718854088103 0 0.299999999999999989 0.100000000000000006
connection 9 53 0.535773693816736341 0 0.299999999999999989 0.100000000000000006
connection 10 53 0.930480131413787603 0 0.299999999999999989 0.100000000000000006
connection 11 53 -0.545226544527395163 0 0.299999999999999989 0.100000000000000006
connection 12 53 -0.032839286839589477 0 0.299999999999999989 0.100000000000000006
connection 13 53 -1.805026273243129253 0 0.299999999999999989 0.100000000000000006
connection 14 53 1.634713763603940606 0 0.299999999999999989 0.100000000000000006
connection 15 53 -0.859995369508396834 0 0.299999999999999989 0.100000000000000006
connection 16 53 0.437991640181280673 0 0.299999999999999989 0.100000000000000006
connection 17 53 -0.214015714009292424 0 0.299999999999999989 0.100000000000000006
connection 19 53 0.794985936197917908 0 0.299999999999999989 0.100000000000000006
connection 20 53 -2.335442915675230324 0 0.299999999999999989 0.100000000000000006
connection 21 53 -4.838291664374992251 0 0.299999999999999989 0.100000000000000006
connection 22 53 0.129219063790515065 0 0.299999999999999989 0.100000000000000006
connection 23 53 1.921530301999155199 0 0.299999999999999989 0.100000000000000006
connection 24 53 -3.307853434409480542 0 0.299999999999999989 0.100000000000000006
connection 25 53 0.611834051902405918 0 0.299999999999999989 0.100000000000000006
connection 26 53 -0.051390725304372609 0 0.299999999999999989 0.100000000000000006
connection 27 53 -0.626803303835913539 0 0.299999999999999989 0.100000000000000006
connection 28 53 0.073145328206010163 0 0.299999999999999989 0.100000000000000006
connection 29 53 -1.112576421546691563 0 0.299999999999999989 0.100000000000000006
connection 30 53 -2.580811564415853354 0 0.299999999999999989 0.100000000000000006
connection 31 53 0.124048846890218556 0 0.299999999999999989 0.100000000000000006
connection 32 53 2.402022182126529515 0 0.299999999999999989 0.100000000000000006
connection 33 53 0.658321745344437659 0 0.299999999999999989 0.100000000000000006
connection 34 53 -0.422112338012084365 0 0.299999999999999989 0.100000000000000006
connection 36 53 -0.763644254300743341 0 0.299999999999999989 0.100000000000000006
connection 37 53 -1.723432660510297865 0 0.299999999999999989 0.100000000000000006
connection 38 53 1.152460169134428725 0 0.299999999999999989 0.100000000000000006
connection 39 53 3.054001572134438902 0 0.299999999999999989 0.100000000000000006
connection 40 53 -0.312849867739714682 0 0.299999999999999989 0.100000000000000006
connection 41 53 -3.260458900345838629 0 0.299999999999999989 0.100000000000000006
connection 42 53 0.087485611933516338 0 0.299999999999999989 0.100000000000000006
connection 43 53 1.468617772145080380 0 0.299999999999999989 0.100000000000000006
connection 44 53 2.961293048894731328 0 0.299999999999999989 0.100000000000000006
connection 45 53 -0.389511062123347074 0 0.299999999999999989 0.100000000000000006
connection 46 53 1.518193302355939522 0 0.299999999999999989 0.100000000000000006
connection 47 53 0.520003182929940522 0 0.299999999999999989 0.100000000000000006
connection 0 54 -0.138384582241997123 0 0.299999999999999989 0.100000000000000006
connection 1 54 -0.177661853318568319 0 0.299999999999999989 0.100000000000000006
connection 2 54 -0.461293059168383479 0 0.299999999999999989 0.100000000000000006
connection 3 54 -0.878360034956131130 0 0.299999999999999989 0.100000000000000006
connection 4 54 1.286444690011833814 0 0.299999999999999989 0.100000000000000006
connection 5 54 3.283640922920312732 0 0.299999999999999989 0.100000000000000006
connection 6 54 0.797832752283284208 0 0.299999999999999989 0.100000000000000006
connection 7 54 -1.526272400282323360 0 0.299999999999999989 0.100000000000000006
connection 8 54 -0.960795463237445801 0 0.299999999999999989 0.100000000000000006
connection 9 54 -2.838303854689002037 0 0.299999999999999989 0.100000000000000006
connection 10 54 -0.808163423935184255 0 0.299999999999999989 0.100000000000000006
connection 11 54 -3.668964023067019298 0 0.299999999999999989 0.100000000000000006
connection 12 54 -1.372585638891905546 0 0.299999999999999989 0.100000000000000006
connection 13 54 -2.378249477827921510 0 0.299999999999999989 0.100000000000000006
connection 14 54 -1.344500993902329355 0 0.299999999999999989 0.100000000000000006
connection 15 54 -0.329949181628762744 0 0.299999999999999989 0.100000000000000006
connection 16 54 -0.760605269839288667 0 0.299999999999999989 0.100000000000000006
connection 17 54 -4.847405810374766588 0 0.299999999999999989 0.100000000000000006
connection 18 54 -1.392134296482254285 0 0.299999999999999989 0.100000000000000006
connection 19 54 0.488936616719001904 0 0.299999999999999989 0.100000000000000006
connection 20 54 -0.393980708031449467 0 0.299999999999999989 0.100000000000000006
connection 21 54 -0.998932906564732548 0 0.299999999999999989 0.100000000000000006
connection 22 54 -1.102706142293754965 0 0.299999999999999989 0.100000000000000006
connection 23 54 -0.099395628087222576 0 0.299999999999999989 0.100000000000000006
connection 24 54 2.038731214473955333 0 0.299999999999999989 0.100000000000000006
connection 25 54 3.235447739833034575 0 0.299999999999999989 0.100000000000000006
connection 26 54 -0.939354999922215939 0 0.299999999999999989 0.100000000000000006
connection 27 54 2.282449064339743927 0 0.299999999999999989 0.100000000000000006
connection 28 54 -2.348247092500969302 0 0.299999999999999989 0.100000000000000006
connection 29 54 -0.124270246480591595 0 0.299999999999999989 0.100000000000000006
connection 30 54 -1.316019063466228545 0 0.299999999999999989 0.100000000000000006
connection 31 54 0.613313275272957981 0 0.299999999999999989 0.100000000000000006
connection 32 54 -2.709840354043990374 0 0.299999999999999989 0.100000000000000006
connection 33 54 1.090683118207380176 0 0.299999999999999989 0.100000000000000006
connection 34 54 -0.853736757999286056 0 0.299999999999999989 0.100000000000000006
connection 35 54 -0.319963614441803657 0 0.299999999999999989 0.100000000000000006
connection 36 54 -3.099960082850884646 0 0.299999999999999989 0.100000000000000006
connection 37 54 0.070238836924545467 0 0.299999999999999989 0.100000000000000006
connection 38 54 -0.877077880963270218 0 0.299999999999999989 0.100000000000000006
connection 39 54 0.113967897195834666 0 0.299999999999999989 0.100000000000000006
connection 40 54 -0.740064786863513291 0 0.299999999999999989 0.100000000000000006
connection 41 54 -1.638494710321538150 0 0.299999999999999989 0.100000000000000006
connection 42 54 0.294965652912651422 0 0.299999999999999989 0.100000000000000006
connection 43 54 -4.980312433406652417 0 0.299999999999999989 0.100000000000000006
connection 44 54 0.096165600523818284 0 0.299999999999999989 0.100000000000000006
connection 45 54 -1.616635329381097108 0 0.299999999999999989 0.100000000000000006
connection 46 54 1.415494130662409589 0 0.299999999999999989 0.100000000000000006
connection 47 54 -0.374233599170111120 0 0.299999999999999989 0.100000000000000006
connection 0 55 -1.202438028820324689 0 0.299999999999999989 0.100000000000000006
connection 1 55 -0.750267569270022250 0 0.299999999999999989 0.100000000000000006
connection 2 55 -0.862673703348264098 0 0.299999999999999989 0.100000000000000006
connection 3 55 1.663134714937768877 0 0.299999999999999989 0.100000000000000006
connection 4 55 2.860703770507825539 0 0.299999999999999989 0.100000000000000006
connection 6 55 -1.547877576493192464 0 0.299999999999999989 0.100000000000000006
connection 7 55 0.325759608182124794 0 0.299999999999999989 0.100000000000000006
connection 8 55 -0.301102301760693081 0 0.299999999999999989 0.100000000000000006
connection 9 55 -0.463385730981826782 0 0.299999999999999989 0.100000000000000006
connection 10 55 -2.269093854250968434 0 0.299999999999999989 0.100000000000000006
connection 11 55 3.093105165986344218 0 0.299999999999999989 0.100000000000000006
connection 12 55 1.227948311017826200 0 0.299999999999999989 0.100000000000000006
connection 13 55 3.030275257664470701 0 0.299999999999999989 0.100000000000000006
connection 14 55 -1.226426992565393448 0 0.299999999999999989 0.100000000000000006
connection 15 55 -1.636847040645079687 0 0.299999999999999989 0.100000000000000006
connection 16 55 -1.421787808125372976 0 0.299999999999999989 0.100000000000000006
connection 17 55 -0.763178171007893980 0 0.299999999999999989 0.100000000000000006
connection 18 55 1.199312930693849921 0 0.299999999999999989 0.100000000000000006
connection 19 55 0.323454102996038273 0 0.299999999999999989 0.100000000000000006
connection 20 55 1.250061945815104991 0 0.299999999999999989 0.100000000000000006
connection 21 55 0.207476515439338982 0 0.299999999999999989 0.100000000000000006
connection 22 55 -1.520291621389333159 0 0.299999999999999989 0.100000000000000006
connection 23 55 -0.682511748746037483 0 0.299999999999999989 0.100000000000000006
connection 24 55 1.974249655613675714 0 0.299999999999999989 0.100000000000000006
connection 26 55 -0.532455130072776228 0 0.299999999999999989 0.100000000000000006
connection 28 55 3.585877160658128560 0 0.299999999999999989 0.100000000000000006
connection 29 55 -0.776878651522565633 0 0.299999999999999989 0.100000000000000006
connection 30 55 -0.036477994057349861 0 0.299999999999999989 0.100000000000000006
connection 31 55 0.689261573599651456 0 0.299999999999999989 0.100000000000000006
connection 32 55 -0.792264666873961687 0 0.299999999999999989 0.100000000000000006
connection 33 55 -0.686999921774258837 0 0.299999999999999989 0.100000000000000006
connection 34 55 5.897779371181968600 0 0.299999999999999989 0.100000000000000006
connection 35 55 0.218539915775181726 0 0.299999999999999989 0.100000000000000006
connection 36 55 -0.758422171580605209 0 0.299999999999999989 0.100000000000000006
connection 37 55 1.176597788347862661 0 0.299999999999999989 0.100000000000000006
connection 38 55 2.033811580156907439 0 0.299999999999999989 0.100000000000000006
connection 40 55 2.183913708082400262 0 0.299999999999999989 0.100000000000000006
connection 41 55 3.480354300278122537 0 0.299999999999999989 0.100000000000000006
connection 42 55 -0.391503113933140412 0 0.299999999999999989 0.100000000000000006
connection 43 55 0.600481437344569713 0 0.299999999999999989 0.100000000000000006
connection 44 55 0.584532310080248863 0 0.299999999999999989 0.100000000000000006
connection 46 55 -0.104659278960752999 0 0.299999999999999989 0.100000000000000006
connection 47 55 -1.413994966482277960 0 0.299999999999999989 0.100000000000000006
connection 1 56 0.617234969744458795 0 0.299999999999999989 0.100000000000000006
connection 2 56 -1.172627932508476079 0 0.299999999999999989 0.100000000000000006
connection 3 56 0.145426348346518353 0 0.299999999999999989 0.100000000000000006
connection 4 56 0.385658191633410752 0 0.299999999999999989 0.100000000000000006
connection 5 56 -1.622557203285396099 0 0.299999999999999989 0.100000000000000006
connection 6 56 -1.751587803330039605 0 0.299999999999999989 0.100000000000000006
connection 7 56 -0.343150907312519848 0 0.299999999999999989 0.100000000000000006
connection 8 56 -2.570895495242439210 0 0.299999999999999989 0.100000000000000006
connection 10 56 -0.839096223178785294 0 0.299999999999999989 0.100000000000000006
connection 11 56 0.206460178829729557 0 0.299999999999999989 0.100000000000000006
connection 12 56 0.145524990046396852 0 0.299999999999999989 0.100000000000000006
connection 13 56 0.398775750858476385 0 0.299999999999999989 0.100000000000000006
connection 14 56 -0.338869782164692879 0 0.299999999999999989 0.100000000000000006
connection 15 56 2.027604085393249989 0 0.299999999999999989 0.100000000000000006
connection 16 56 -0.778503372799605131 0 0.299999999999999989 0.100000000000000006
connection 17 56 0.860075744923960883 0 0.299999999999999989 0.100000000000000006
connection 18 56 -1.818394655099837109 0 0.299999999999999989 0.100000000000000006
connection 19 56 0.916883155121468008 0 0.299999999999999989 0.100000000000000006
connection 21 56 1.167403250379720703 0 0.299999999999999989 0.100000000000000006
connection 23 56 -0.859811431961134076 0 0.299999999999999989 0.100000000000000006
connection 24 56 0.845361189800314605 0 0.299999999999999989 0.100000000000000006
connection 25 56 3.644229252851800993 0 0.299999999999999989 0.100000000000000006
connection 27 56 1.012797927826341038 0 0.299999999999999989 0.100000000000000006
connection 28 56 -0.670165613933932036 0 0.299999999999999989 0.100000000000000006
connection 29 56 0.892596112516912399 0 0.299999999999999989 0.100000000000000006
connection 31 56 1.661738354596309364 0 0.299999999999999989 0.100000000000000006
connection 32 56 1.098115433473140001 0 0.299999999999999989 0.100000000000000006
connection 33 56 -2.207036903942935169 0 0.299999999999999989 0.100000000000000006
connection 34 56 0.016047381679527462 0 0.299999999999999989 0.100000000000000006
connection 35 56 -1.263741844566538930 0 0.299999999999999989 0.100000000000000006
connection 36 56 -2.486080146096355747 0 0.299999999999999989 0.100000000000000006
connection 37 56 -0.407353634247556329 0 0.299999999999999989 0.100000000000000006
connection 38 56 0.232438862905837595 0 0.299999999999999989 0.100000000000000006
connection 39 56 -0.489412613795138896 0 0.299999999999999989 0.100000000000000006
connection 40 56 -1.152392323710955679 0 0.299999999999999989 0.100000000000000006
connection 41 56 -2.793240836082219403 0 0.299999999999999989 0.100000000000000006
connection 42 56 -0.027972275185675244 0 0.299999999999999989 0.100000000000000006
connection 43 56 0.320564348963671364 0 0.299999999999999989 0.100000000000000006
connection 44 56 -1.942026685224846005 0 0.299999999999999989 0.100000000000000006
connection 45 56 1.574738801631610841 0 0.299999999999999989 0.100000000000000006
connection 46 56 1.595092336501693353 0 0.299999999999999989 0.100000000000000006
connection 47 56 -4.134866295615211129 0 0.299999999999999989 0.100000000000000006
connection 0 57 -1.992519669060129672 0 0.299999999999999989 0.100000000000000006
connection 1 57 0.512322596609010361 0 0.299999999999999989 0.100000000000000006
connection 2 57 -2.417982314744222094 0 0.299999999999999989 0.100000000000000006
connection 3 57 1.476157982309814543 0 0.299999999999999989 0.100000000000000006
connection 4 57 2.016788673470728099 0 0.299999999999999989 0.100000000000000006
connection 5 57 -3.200905059522483498 0 0.299999999999999989 0.100000000000000006
connection 6 57 -0.795667454438898858 0 0.299999999999999989 0.100000000000000006
connection 8 57 -1.085567363363225013 0 0.299999999999999989 0.100000000000000006
connection 9 57 -0.137507807550719008 0 0.299999999999999989 0.100000000000000006
connection 10 57 -1.045649885083548725 0 0.299999999999999989 0.100000000000000006
connection 11 57 1.427043098134163301 0 0.299999999999999989 0.100000000000000006
connection 12 57 0.827317503513768315 0 0.299999999999999989 0.100000000000000006
connection 14 57 1.784512301092036068 0 0.299999999999999989 0.100000000000000006
connection 15 57 0.441362574405502528 0 0.299999999999999989 0.100000000000000006
connection 16 57 3.026498303632251918 0 0.299999999999999989 0.100000000000000006
connection 17 57 -0.098541476181708276 0 0.299999999999999989 0.100000000000000006
connection 18 57 0.057349563532625325 0 0.299999999999999989 0.100000000000000006
connection 19 57 -0.704648290469776839 0 0.299999999999999989 0.100000000000000006
connection 20 57 -0.302600238792365417 0 0.299999999999999989 0.100000000000000006
connection 21 57 0.465341447270475328 0 0.299999999999999989 0.100000000000000006
connection 23 57 1.722412941395305097 0 0.299999999999999989 0.100000000000000006
connection 24 57 -0.049032308306777850 0 0.299999999999999989 0.100000000000000006
connection 25 57 -1.173746694112196565 0 0.299999999999999989 0.100000000000000006
connection 26 57 3.001057395653333515 0 0.299999999999999989 0.100000000000000006
connection 27 57 -0.995453439827542752 0 0.299999999999999989 0.100000000000000006
connection 28 57 1.530414937529712915 0 0.299999999999999989 0.100000000000000006
connection 29 57 0.546359185245819390 0 0.299999999999999989 0.100000000000000006
connection 30 57 -0.480245843122247607 0 0.299999999999999989 0.100000000000000006
connection 31 57 -1.900918117287801579 0 0.299999999999999989 0.100000000000000006
connection 34 57 0.413641096267383546 0 0.299999999999999989 0.100000000000000006
connection 35 57 0.465460869017988443 0 0.299999999999999989 0.100000000000000006
connection 36 57 -0.441470418823882937 0 0.299999999999999989 0.100000000000000006
connection 37 57 -3.444329612480942160 0 0.299999999999999989 0.100000000000000006
connection 38 57 2.341879961837548763 0 0.299999999999999989 0.100000000000000006
connection 39 57 -0.064022863269201480 0 0.299999999999999989 0.100000000000000006
connection 40 57 -2.331129611033247784 0 0.299999999999999989 0.100000000000000006
connection 41 57 0.235457463553757407 0 0.299999999999999989 0.100000000000000006
connection 42 57 1.199075663258554414 0 0.299999999999999989 0.100000000000000006
connection 43 57 0.573700494074728340 0 0.299999999999999989 0.100000000000000006
connection 44 57 1.695463928568642586 0 0.299999999999999989 0.100000000000000006
connection 45 57 0.069962238427251577 0 0.299999999999999989 0.100000000000000006
connection 46 57 -1.219932496198453009 0 0.299999999999999989 0.100000000000000006
connection 47 57 -0.297144130454398692 0 0.299999999999999989 0.100000000000000006
connection 0 58 -3.368914172273434815 0 0.299999999999999989 0.100000000000000006
connection 1 58 2.168242263025604188 0 0.299999999999999989 0.100000000000000006
connection 2 58 -0.438314314931631088 0 0.299999999999999989 0.100000000000000006
connection 3 58 -1.662308865925297141 0 0.299999999999999989 0.100000000000000006
connection 4 58 1.199116890198638430 0 0.299999999999999989 0.100000000000000006
connection 5 58 -1.281420134335348848 0 0.299999999999999989 0.100000000000000006
connection 6 58 -1.975196450250223279 0 0.299999999999999989 0.100000000000000006
connection 7 58 -0.643907376041170210 0 0.299999999999999989 0.100000000000000006
connection 8 58 -1.493740528938360512 0 0.299999999999999989 0.100000000000000006
connection 9 58 -1.843689367698971182 0 0.299999999999999989 0.100000000000000006
connection 10 58 0.902806168363895267 0 0.299999999999999989 0.100000000000000006
connection 11 58 -0.973298950182652334 0 0.299999999999999989 0.100000000000000006
connection 12 58 1.101574793254258111 0 0.299999999999999989 0.100000000000000006
connection 13 58 -1.661303958739154041 0 0.299999999999999989 0.100000000000000006
connection 14 58 -1.276000071171438321 0 0.299999999999999989 0.100000000000000006
connection 15 58 -3.392925441148690879 0 0.299999999999999989 0.100000000000000006
connection 16 58 -0.929779602680355310 0 0.299999999999999989 0.100000000000000006
connection 17 58 1.962865115201566368 0 0.299999999999999989 0.100000000000000006
connection 19 58 -2.138408390652330127 0 0.299999999999999989 0.100000000000000006
connection 21 58 -2.756911975564435124 0 0.299999999999999989 0.100000000000000006
connection 22 58 0.112781312083825469 0 0.299999999999999989 0.100000000000000006
connection 23 58 -0.930740654650435317 0 0.299999999999999989 0.100000000000000006
connection 24 58 -2.117894950148183852 0 0.299999999999999989 0.100000000000000006
connection 25 58 1.630128328892169520 0 0.299999999999999989 0.100000000000000006
connection 27 58 -0.679090325676952489 0 0.299999999999999989 0.100000000000000006
connection 28 58 -0.427637662040069699 0 0.299999999999999989 0.100000000000000006
connection 29 58 0.880846200743690133 0 0.299999999999999989 0.100000000000000006
connection 30 58 0.369755905121564865 0 0.299999999999999989 0.100000000000000006
connection 31 58 -0.144534790655598044 0 0.299999999999999989 0.100000000000000006
connection 32 58 0.892274000085308217 0 0.299999999999999989 0.100000000000000006
connection 33 58 -2.492563968757167459 0 0.299999999999999989 0.100000000000000006
connection 34 58 1.125192469102330506 0 0.299999999999999989 0.100000000000000006
connection 35 58 -1.054764145315857604 0 0.299999999999999989 0.100000000000000006
connection 36 58 2.214104155078530312 0 0.299999999999999989 0.100000000000000006
connection 37 58 0.845514981745509431 0 0.299999999999999989 0.100000000000000006
connection 38 58 0.260189604130573571 0 0.299999999999999989 0.100000000000000006
connection 39 58 -1.562393790867645293 0 0.299999999999999989 0.100000000000000006
connection 40 58 -0.857127111405134201 0 0.299999999999999989 0.100000000000000006
connection 41 58 2.017468356876634061 0 0.299999999999999989 0.100000000000000006
connection 42 58 2.216428268700838089 0 0.299999999999999989 0.100000000000000006
connection 43 58 0.552808025153353810 0 0.299999999999999989 0.100000000000000006
connection 44 58 -2.767982982390094548 0 0.299999999999999989 0.100000000000000006
connection 45 58 -2.025975017226301134 0 0.299999999999999989 0.100000000000000006
connection 46 58 -3.821409090101951733 0 0.299999999999999989 0.100000000000000006
connection 47 58 0.364626921538729221 0 0.299999999999999989 0.100000000000000006
connection 0 59 -0.712197660934180021 0 0.299999999999999989 0.100000000000000006
connection 1 59 1.006376547971740365 0 0.299999999999999989 0.100000000000000006
connection 2 59 -2.852079453296028078 0 0.299999999999999989 0.100000000000000006
connection 3 59 2.278910040389746428 0 0.299999999999999989 0.100000000000000006
connection 4 59 2.185497325229272647 0 0.299999999999999989 0.100000000000000006
connection 5 59 -0.153494878322817385 0 0.299999999999999989 0.100000000000000006
connection 6 59 0.661415669805137441 0 0.299999999999999989 0.100000000000000006
connection 7 59 -0.667865511495620012 0 0.299999999999999989 0.100000000000000006
connection 8 59 3.449791295017348602 0 0.299999999999999989 0.100000000000000006
connection 9 59 -1.448536004580091685 0 0.299999999999999989 0.100000000000000006
connection 10 59 0.029625221912283450 0 0.299999999999999989 0.100000000000000006
connection 11 59 2.117318006989080459 0 0.299999999999999989 0.100000000000000006
connection 12 59 -5.141636151354759932 0 0.299999999999999989 0.100000000000000006
connection 13 59 -0.650346724374685436 0 0.299999999999999989 0.100000000000000006
connection 14 59 0.623401646123966202 0 0.299999999999999989 0.100000000000000006
connection 15 59 0.450874760630540550 0 0.299999999999999989 0.100000000000000006
connection 16 59 -2.252714053320232779 0 0.299999999999999989 0.100000000000000006
connection 17 59 3.785710652783564001 0 0.299999999999999989 0.100000000000000006
connection 18 59 -1.575410852965433151 0 0.299999999999999989 0.100000000000000006
connection 20 59 -2.350801999273244292 0 0.299999999999999989 0.100000000000000006
connection 21 59 2.012616221196367405 0 0.299999999999999989 0.100000000000000006
connection 22 59 0.107428983727004379 0 0.299999999999999989 0.100000000000000006
connection 23 59 -0.463159864069893956 0 0.299999999999999989 0.100000000000000006
connection 24 59 0.714247485040687025 0 0.299999999999999989 0.100000000000000006
connection 25 59 -0.430673692957498133 0 0.299999999999999989 0.100000000000000006
connection 27 59 1.069156774319708347 0 0.299999999999999989 0.100000000000000006
connection 28 59 -2.598443708666309249 0 0.299999999999999989 0.100000000000000006
connection 29 59 2.627007894567213953 0 0.299999999999999989 0.100000000000000006
connection 30 59 -0.276921830012724968 0 0.299999999999999989 0.100000000000000006
connection 32 59 -0.535904457385186106 0 0.299999999999999989 0.100000000000000006
connection 33 59 -0.616899266955442727 0 0.299999999999999989 0.100000000000000006
connection 34 59 -2.467817780434415909 0 0.299999999999999989 0.100000000000000006
connection 35 59 -3.414084476884454489 0 0.299999999999999989 0.100000000000000006
connection 36 59 0.199300069536548108 0 0.299999999999999989 0.100000000000000006
connection 37 59 0.133928619878133759 0 0.299999999999999989 0.100000000000000006
connection 38 59 -0.588850044558057562 0 0.299999999999999989 0.100000000000000006
connection 39 59 -1.336747374021797441 0 0.299999999999999989 0.100000000000000006
connection 40 59 0.795950636034831405 0 0.299999999999999989 0.100000000000000006
connection 43 59 0.365721683774609119 0 0.299999999999999989 0.100000000000000006
connection 44 59 -1.638196316023822874 0 0.299999999999999989 0.100000000000000006
connection 45 59 2.859988704352872446 0 0.299999999999999989 0.100000000000000006
connection 46 59 -0.469441416324116290 0 0.299999999999999989 0.100000000000000006
connection 47 59 0.462518172920681536 0 0.299999999999999989 0.100000000000000006
connection 0 60 -1.419768050080165267 0 0.299999999999999989 0.100000000000000006
connection 1 60 -0.896064805085188709 0 0.299999999999999989 0.100000000000000006
connection 2 60 -1.169496377580799162 0 0.299999999999999989 0.100000000000000006
connection 3 60 -0.749148666960536502 0 0.299999999999999989 0.100000000000000006
connection 4 60 -1.857201096427161247 0 0.299999999999999989 0.100000000000000006
connection 5 60 1.231226980424253270 0 0.299999999999999989 0.100000000000000006
connection 6 60 0.337098230957053602 0 0.299999999999999989 0.100000000000000006
connection 7 60 -0.366959164384752512 0 0.299999999999999989 0.100000000000000006
connection 8 60 2.252299742365721613 0 0.299999999999999989 0.100000000000000006
connection 9 60 0.660530052497051656 0 0.299999999999999989 0.100000000000000006
connection 10 60 -1.465759781422093511 0 0.299999999999999989 0.100000000000000006
connection 13 60 -0.520960616471711546 0 0.299999999999999989 0.100000000000000006
connection 14 60 0.024036560091190040 0 0.299999999999999989 0.100000000000000006
connection 15 60 1.268801086669554934 0 0.299999999999999989 0.100000000000000006
connection 16 60 -0.645169564581010491 0 0.299999999999999989 0.100000000000000006
connection 17 60 0.913668456254526973 0 0.299999999999999989 0.100000000000000006
connection 18 60 -1.281600252367661508 0 0.299999999999999989 0.100000000000000006
connection 19 60 0.868502168392296880 0 0.299999999999999989 0.100000000000000006
connection 20 60 1.648850891739130020 0 0.299999999999999989 0.100000000000000006
connection 21 60 -2.678457366302609444 0 0.299999999999999989 0.100000000000000006
connection 22 60 -0.367830734656308778 0 0.299999999999999989 0.100000000000000006
connection 23 60 -2.180806676420615986 0 0.299999999999999989 0.100000000000000006
connection 24 60 1.106996797258034348 0 0.299999999999999989 0.100000000000000006
connection 25 60 1.109478716447483748 0 0.299999999999999989 0.100000000000000006
connection 26 60 0.872503793798387051 0 0.299999999999999989 0.100000000000000006
connection 27 60 0.542344660731032491 0 0.299999999999999989 0.100000000000000006
connection 28 60 0.750558640109375119 0 0.299999999999999989 0.100000000000000006
connection 30 60 -1.870099350111559033 0 0.299999999999999989 0.100000000000000006
connection 31 60 -1.894818370288703591 0 0.299999999999999989 0.100000000000000006
connection 32 60 1.731732588727027178 0 0.299999999999999989 0.100000000000000006
connection 33 60 -1.266396632534451783 0 0.299999999999999989 0.100000000000000006
connection 34 60 -1.442628986347699538 0 0.299999999999999989 0.100000000000000006
connection 35 60 -0.179131501703523099 0 0.299999999999999989 0.100000000000000006
connection 36 60 2.761121577161247842 0 0.299999999999999989 0.100000000000000006
connection 37 60 -2.605027451965725049 0 0.299999999999999989 0.100000000000000006
connection 38 60 0.039732691249810159 0 0.299999999999999989 0.100000000000000006
connection 39 60 -0.322599084232933819 0 0.299999999999999989 0.100000000000000006
connection 40 60 1.311460038530640304 0 0.299999999999999989 0.100000000000000006
connection 41 60 1.167615901967565151 0 0.299999999999999989 0.100000000000000006
connection 42 60 -0.583945339778438210 0 0.299999999999999989 0.100000000000000006
connection 43 60 0.079625975980889052 0 0.299999999999999989 0.100000000000000006
connection 44 60 -1.256435852614231408 0 0.299999999999999989 0.100000000000000006
connection 45 60 -2.400527543424686883 0 0.299999999999999989 0.100000000000000006
connection 46 60 1.707088221446610987 0 0.299999999999999989 0.100000000000000006
connection 47 60 -1.723772615659981966 0 0.299999999999999989 0.100000000000000006
connection 1 61 -1.038493599859066308 0 0.299999999999999989 0.100000000000000006
connection 2 61 -2.187330765416845679 0 0.299999999999999989 0.100000000000000006
connection 3 61 -1.397059960057958961 0 0.299999999999999989 0.100000000000000006
connection 4 61 0.440481069148518145 0 0.299999999999999989 0.100000000000000006
connection 5 61 -2.082323095295578241 0 0.299999999999999989 0.100000000000000006
connection 6 61 -0.019725297141121700 0 0.299999999999999989 0.100000000000000006
connection 7 61 -1.854486899683251977 0 0.299999999999999989 0.100000000000000006
connection 8 61 1.707037168089300394 0 0.299999999999999989 0.100000000000000006
connection 11 61 -2.600487046409398317 0 0.299999999999999989 0.100000000000000006
connection 12 61 -4.493240678450092673 0 0.299999999999999989 0.100000000000000006
connection 13 61 0.392244247646885924 0 0.299999999999999989 0.100000000000000006
connection 14 61 1.862464403500780463 0 0.299999999999999989 0.100000000000000006
connection 15 61 -0.991710483329370618 0 0.299999999999999989 0.100000000000000006
connection 16 61 0.478846976835484384 0 0.299999999999999989 0.100000000000000006
connection 18 61 -3.312705396965611726 0 0.299999999999999989 0.100000000000000006
connection 19 61 3.890142494841711596 0 0.299999999999999989 0.100000000000000006
connection 21 61 -0.600543591775931418 0 0.299999999999999989 0.100000000000000006
connection 22 61 0.788763584569096565 0 0.299999999999999989 0.100000000000000006
connection 23 61 1.211772594717331231 0 0.299999999999999989 0.100000000000000006
connection 25 61 -3.295047796447761357 0 0.299999999999999989 0.100000000000000006
connection 26 61 1.596179862201097421 0 0.299999999999999989 0.100000000000000006
connection 27 61 -0.035796181880868971 0 0.299999999999999989 0.100000000000000006
connection 28 61 0.070946166757494211 0 0.299999999999999989 0.100000000000000006
connection 29 61 -1.290903258995967917 0 0.299999999999999989 0.100000000000000006
connection 30 61 -1.406746839522384107 0 0.299999999999999989 0.100000000000000006
connection 31 61 4.344827068890424471 0 0.299999999999999989 0.100000000000000006
connection 32 61 -0.962937191288801841 0 0.299999999999999989 0.100000000000000006
connection 33 61 2.900364246568642557 0 0.299999999999999989 0.100000000000000006
connection 34 61 -1.104909348650835454 0 0.299999999999999989 0.100000000000000006
connection 35 61 -0.282889190595597029 0 0.299999999999999989 0.100000000000000006
connection 36 61 -0.703873313075746410 0 0.299999999999999989 0.100000000000000006
connection 37 61 1.586357057734858245 0 0.299999999999999989 0.100000000000000006
connection 38 61 -3.313728512905072421 0 0.299999999999999989 0.100000000000000006
connection 39 61 1.354034949559718370 0 0.299999999999999989 0.100000000000000006
connection 40 61 -0.315576147753745317 0 0.299999999999999989 0.100000000000000006
connection 41 61 -0.921226012462284416 0 0.299999999999999989 0.100000000000000006
connection 42 61 -0.635555255001236219 0 0.299999999999999989 0.100000000000000006
connection 44 61 -1.773266131407581270 0 0.299999999999999989 0.100000000000000006
connection 45 61 -1.272742553439456969 0 0.299999999999999989 0.100000000000000006
connection 46 61 2.011870518152136356 0 0.299999999999999989 0.100000000000000006
connection 47 61 -1.360699665907304734 0 0.299999999999999989 0.100000000000000006
connection 0 62 1.169372601754730567 0 0.299999999999999989 0.100000000000000006
connection 1 62 -6.238635016721673310 0 0.299999999999999989 0.100000000000000006
connection 3 62 2.836330328020267189 0 0.299999999999999989 0.100000000000000006
connection 4 62 -0.960577250341884792 0 0.299999999999999989 0.100000000000000006
connection 5 62 -1.497831469110678881 0 0.299999999999999989 0.100000000000000006
connection 6 62 0.291388582321815193 0 0.299999999999999989 0.100000000000000006
connection 7 62 2.258468000421999022 0 0.299999999999999989 0.100000000000000006
connection 8 62 -0.140796913532540202 0 0.299999999999999989 0.100000000000000006
connection 9 62 0.496153779793530703 0 0.299999999999999989 0.100000000000000006
connection 10 62 0.835224917682353407 0 0.299999999999999989 0.100000000000000006
connection 11 62 -0.639454009025939740 0 0.299999999999999989 0.100000000000000006
connection 12 62 3.616694735923374537 0 0.299999999999999989 0.100000000000000006
connection 13 62 1.012467734559322707 0 0.299999999999999989 0.100000000000000006
connection 14 62 0.461046378419268876 0 0.299999999999999989 0.100000000000000006
connection 15 62 -1.216705332859419286 0 0.299999999999999989 0.100000000000000006
connection 16 62 -0.039161426830105484 0 0.299999999999999989 0.100000000000000006
connection 17 62 -0.210678188479505479 0 0.299999999999999989 0.100000000000000006
connection 18 62 -0.417814721993636340 0 0.299999999999999989 0.100000000000000006
connection 19 62 -0.174391406821087003 0 0.299999999999999989 0.100000000000000006
connection 20 62 3.078891999088227749 0 0.299999999999999989 0.100000000000000006
connection 21 62 1.469685404503252357 0 0.299999999999999989 0.100000000000000006
connection 22 62 0.113554275711067021 0 0.299999999999999989 0.100000000000000006
connection 23 62 -2.612916864105500281 0 0.299999999999999989 0.100000000000000006
connection 24 62 -0.600543247186578810 0 0.299999999999999989 0.100000000000000006
connection 25 62 -2.274926948783104308 0 0.299999999999999989 0.100000000000000006
connection 27 62 0.365285600659262855 0 0.299999999999999989 0.100000000000000006
connection 28 62 -5.196624789372435771 0 0.299999999999999989 0.100000000000000006
connection 29 62 -1.346963167577996501 0 0.299999999999999989 0.100000000000000006
connection 30 62 0.706121943338075653 0 0.299999999999999989 0.100000000000000006
connection 31 62 0.461189148947596550 0 0.299999999999999989 0.100000000000000006
connection 33 62 1.260565378004685044 0 0.299999999999999989 0.100000000000000006
connection 34 62 -0.487532167579047382 0 0.299999999999999989 0.100000000000000006
connection 35 62 -2.118039705906994641 0 0.299999999999999989 0.100000000000000006
connection 36 62 0.191850315197370946 0 0.299999999999999989 0.100000000000000006
connection 37 62 -0.157318731129635125 0 0.299999999999999989 0.100000000000000006
connection 38 62 3.155192934566002805 0 0.299999999999999989 0.100000000000000006
connection 39 62 0.502328251313883811 0 0.299999999999999989 0.100000000000000006
connection 40 62 1.862230069236829877 0 0.299999999999999989 0.100000000000000006
connection 41 62 -0.195145718171261251 0 0.299999999999999989 0.100000000000000006
connection 42 62 0.561141688784118742 0 0.299999999999999989 0.100000000000000006
connection 43 62 1.515538865234702826 0 0.299999999999999989 0.100000000000000006
connection 44 62 -0.644741834577871487 0 0.299999999999999989 0.100000000000000006
connection 45 62 -1.792100338745513000 0 0.299999999999999989 0.100000000000000006
connection 46 62 3.549391010194085538 0 0.299999999999999989 0.100000000000000006
connection 47 62 3.747431492607574910 0 0.299999999999999989 0.100000000000000006
connection 53 48 -0.626985855749808252 0 0.299999999999999989 0.100000000000000006
connection 54 48 1.610616292164195329 0 0.299999999999999989 0.100000000000000006
connection 55 48 -1.138351063942536712 0 0.299999999999999989 0.100000000000000006
connection 56 48 -0.094108522636815906 0 0.299999999999999989 0.100000000000000006
connection 57 48 -0.244613891409244388 0 0.299999999999999989 0.100000000000000006
connection 58 48 2.154140220081899315 0 0.299999999999999989 0.100000000000000006
connection 59 48 1.902540037990547717 0 0.299999999999999989 0.100000000000000006
connection 60 48 -1.281454511685296893 0 0.299999999999999989 0.100000000000000006
connection 61 48 0.158110354503151029 0 0.299999999999999989 0.100000000000000006
connection 62 48 2.751964968338143080 0 0.299999999999999989 0.100000000000000006
connection 53 49 -0.783367819036357105 0 0.299999999999999989 0.100000000000000006
connection 54 49 -0.012389657524181530 0 0.299999999999999989 0.100000000000000006
connection 55 49 1.402508472870977130 0 0.299999999999999989 0.100000000000000006
connection 56 49 -0.678601915831677616 0 0.299999999999999989 0.100000000000000006
connection 58 49 0.672567934845574200 0 0.299999999999999989 0.100000000000000006
connection 59 49 -1.999463207111148222 0 0.299999999999999989 0.100000000000000006
connection 60 49 2.226026415824890137 0 0.299999999999999989 0.100000000000000006
connection 61 49 2.978777854732470587 0 0.299999999999999989 0.100000000000000006
connection 62 49 1.637291251554415794 0 0.299999999999999989 0.100000000000000006
connection 53 50 0.240190881806483958 0 0.299999999999999989 0.100000000000000006
connection 54 50 1.852913780050585046 0 0.299999999999999989 0.100000000000000006
connection 57 50 -0.829718134948052466 0 0.299999999999999989 0.100000000000000006
connection 59 50 -0.475201261928305030 0 0.299999999999999989 0.100000000000000006
connection 60 50 -1.133802344091236591 0 0.299999999999999989 0.100000000000000006
connection 61 50 0.056415662227664143 0 0.299999999999999989 0.100000000000000006
connection 62 50 -1.548974431585520506 0 0.299999999999999989 0.100000000000000006
connection 53 51 0.099410836235620081 0 0.299999999999999989 0.100000000000000006
connection 54 51 1.179239693010458723 0 0.299999999999999989 0.100000000000000006
connection 55 51 0.977456358086783439 0 0.299999999999999989 0.100000000000000006
connection 56 51 0.750089173321612179 0 0.299999999999999989 0.100000000000000006
connection 57 51 -0.307718417407158995 0 0.299999999999999989 0.100000000000000006
connection 58 51 0.108518737601116300 0 0.299999999999999989 0.100000000000000006
connection 60 51 1.828236422938061878 0 0.299999999999999989 0.100000000000000006
connection 61 51 0.529127086861990392 0 0.299999999999999989 0.100000000000000006
connection 62 51 1.172202057146932930 0 0.299999999999999989 0.100000000000000006
connection 53 52 1.589034767705015838 0 0.299999999999999989 0.100000000000000006
connection 54 52 0.347027233685366809 0 0.299999999999999989 0.100000000000000006
connection 55 52 -3.530998059432022274 0 0.299999999999999989 0.100000000000000006
connection 56 52 -1.161744472134159878 0 0.299999999999999989 0.100000000000000006
connection 57 52 0.619128951686434448 0 0.299999999999999989 0.100000000000000006
connection 58 52 -1.080184959515463561 0 0.299999999999999989 0.100000000000000006
connection 59 52 -0.807397523662075400 0 0.299999999999999989 0.100000000000000006
connection 60 52 -0.166295447153970599 0 0.299999999999999989 0.100000000000000006
connection 61 52 1.627854674035916105 0 0.299999999999999989 0.100000000000000006
connection 62 52 0.454761736677028239 0 0.299999999999999989 0.100000000000000006
connection 47 48 -0.673048951532109641 0 0.299999999999999989 0.100000000000000006
connection 47 49 -0.349222167045809329 0 0.299999999999999989 0.100000000000000006
connection 47 50 -0.468021668697474524 0 0.299999999999999989 0.100000000000000006
connection 47 51 -0.749273291148710996 0 0.299999999999999989 0.100000000000000006
connection 47 52 -0.474782290402799845 0 0.299999999999999989 0.100000000000000006
connection 50 61 0.631659082660917193 1 0.299999999999999989 0.100000000000000006
connection 48 48 2.501567666302435100 1 0.299999999999999989 0.100000000000000006
connection 54 58 -0.928828638978302479 0 0.299999999999999989 0.100000000000000006
connection 34 52 -1.319250709871994331 0 0.299999999999999989 0.100000000000000006
connection 18 63 1.097664002591045573 0 0.299999999999999989 0.100000000000000006
connection 63 58 -0.452851680282037705 0 0.299999999999999989 0.100000000000000006
connection 59 54 0.804677457315847278 0 0.299999999999999989 0.100000000000000006
connection 2 50 -3.233131453775285991 0 0.299999999999999989 0.100000000000000006
connection 59 58 -1.338492943321398343 0 0.299999999999999989 0.100000000000000006
connection 44 63 1.216272666349141218 0 0.299999999999999989 0.100000000000000006
connection 48 53 -0.212243447313085198 1 0.299999999999999989 0.100000000000000006
connection 22 64 -1.249952085374388844 0 0.299999999999999989 0.100000000000000006
connection 64 56 -2.697646757704205811 0 0.299999999999999989 0.100000000000000006
connection 51 63 0.581034094502683729 1 0.299999999999999989 0.100000000000000006
connection 38 48 -1.589828106210916303 0 0.299999999999999989 0.100000000000000006
connection 51 56 0.000890460039954633 1 0.299999999999999989 0.100000000000000006
connection 40 48 -2.653912825218867511 0 0.299999999999999989 0.100000000000000006
connection 20 65 1.226494392656604759 0 0.299999999999999989 0.100000000000000006
connection 65 56 -1.063603176502510905 0 0.299999999999999989 0.100000000000000006
connection 64 58 0.354051864094799384 0 0.299999999999999989 0.100000000000000006
connection 44 50 -3.742873969807988033 0 0.299999999999999989 0.100000000000000006
connection 7 65 0.114201311662327498 0 0.299999999999999989 0.100000000000000006
connection 65 57 -0.363529457332333550 0 0.299999999999999989 0.100000000000000006
connection 15 65 -0.009327106468845159 0 0.299999999999999989 0.100000000000000006
connection 45 66 0.993075853853952140 0 0.299999999999999989 0.100000000000000006
connection 66 55 2.798710522241890430 0 0.299999999999999989 0.100000000000000006
connection 51 62 1.925956910941749811 1 0.299999999999999989 0.100000000000000006
connection 31 65 -1.109808414475992322 0 0.299999999999999989 0.100000000000000006
connection 9 67 1.931627155223395675 0 0.299999999999999989 0.100000000000000006
connection 67 61 -0.156953142111888155 0 0.299999999999999989 0.100000000000000006
connection 64 62 -0.827663001837208867 0 0.299999999999999989 0.100000000000000006
connection 55 68 -0.985753498447593302 0 0.299999999999999989 0.100000000000000006
connection 68 50 0.365729215438477695 0 0.299999999999999989 0.100000000000000006
connection 51 66 -0.196485009553725831 1 0.299999999999999989 0.100000000000000006
connection 6 68 0.406309150508604944 0 0.299999999999999989 0.100000000000000006
connection 39 63 1.419911796700034756 0 0.299999999999999989 0.100000000000000006
connection 9 65 -1.534496576779929455 0 0.299999999999999989 0.100000000000000006
connection 32 69 -0.962398898089304566 0 0.299999999999999989 0.100000000000000006
connection 69 57 -1.226190048502758145 0 0.299999999999999989 0.100000000000000006
connection 49 57 1.046190924942493439 1 0.299999999999999989 0.100000000000000006
connection 58 67 1.200425576069392264 1 0.299999999999999989 0.100000000000000006
connection 36 68 5.010672658565454185 0 0.299999999999999989 0.100000000000000006
connection 61 61 0.949149897554889321 1 0.299999999999999989 0.100000000000000006
connection 62 69 0.974512663437053561 1 0.299999999999999989 0.100000000000000006
connection 67 63 -3.643322999647352844 0 0.299999999999999989 0.100000000000000006
connection 24 63 -0.930183031596243382 0 0.299999999999999989 0.100000000000000006
connection 63 63 1.006097094388678670 1 0.299999999999999989 0.100000000000000006
connection 22 70 0.167959962505847216 0 0.299999999999999989 0.100000000000000006
connection 70 53 1.056747579830698669 0 0.299999999999999989 0.100000000000000006
connection 30 71 1.098253076401306316 0 0.299999999999999989 0.100000000000000006
connection 71 56 -1.235415340168401599 0 0.299999999999999989 0.100000000000000006
connection 70 66 -1.226010305224917829 0 0.299999999999999989 0.100000000000000006
connection 35 72 1.919013304752297699 0 0.299999999999999989 0.100000000000000006
connection 72 53 0.332333114463835955 0 0.299999999999999989 0.100000000000000006
connection 67 65 -1.917355002486146986 0 0.299999999999999989 0.100000000000000006
connection 68 65 -0.236895396548788995 1 0.299999999999999989 0.100000000000000006
connection 7 48 1.946904986049048603 0 0.299999999999999989 0.100000000000000006
connection 47 66 0.791309172462206334 0 0.299999999999999989 0.100000000000000006
connection 15 70 -1.086393801262602210 0 0.299999999999999989 0.100000000000000006
connection 34 48 -0.700125091680092737 0 0.299999999999999989 0.100000000000000006
connection 67 67 -0.780812857672572136 1 0.299999999999999989 0.100000000000000006
connection 26 51 2.745838001166703179 0 0.299999999999999989 0.100000000000000006
connection 68 53 -2.158357019128743559 1 0.299999999999999989 0.100000000000000006
connection 68 57 0.989962267398368567 1 0.299999999999999989 0.100000000000000006
connection 44 66 0.058605456200893968 0 0.299999999999999989 0.100000000000000006
connection 66 64 -0.702193866920424625 0 0.299999999999999989 0.100000000000000006
connection 26 73 -0.619058808661065996 0 0.299999999999999989 0.100000000000000006
connection 73 59 3.098577007949643303 0 0.299999999999999989 0.100000000000000006
connection 17 74 0.941319663572357967 0 0.299999999999999989 0.100000000000000006
connection 74 61 3.824640086269937456 0 0.299999999999999989 0.100000000000000006
connection 16 50 2.800610053003765643 0 0.299999999999999989 0.100000000000000006
connection 25 69 1.453323720837943256 0 0.299999999999999989 0.100000000000000006
connection 58 75 -0.374587353027891368 0 0.299999999999999989 0.100000000000000006
connection 75 50 -1.248640389356296510 0 0.299999999999999989 0.100000000000000006
connection 31 71 -0.507842838298529387 0 0.299999999999999989 0.100000000000000006
connection 63 73 -1.424659156880807132 0 0.299999999999999989 0.100000000000000006
connection 46 65 -0.838540252647362649 0 0.299999999999999989 0.100000000000000006
connection 65 48 2.433303611003793776 0 0.299999999999999989 0.100000000000000006
connection 47 71 -5.008850395446643233 0 0.299999999999999989 0.100000000000000006
connection 67 75 -4.242152912062010728 0 0.299999999999999989 0.100000000000000006
connection 34 70 -0.037728994677308947 0 0.299999999999999989 0.100000000000000006
connection 32 65 -0.211880705319344997 0 0.299999999999999989 0.100000000000000006
connection 40 72 -0.723888690652529476 0 0.299999999999999989 0.100000000000000006
connection 30 72 -0.075285018072463572 0 0.299999999999999989 0.100000000000000006
connection 0 72 -2.332073949219193310 0 0.299999999999999989 0.100000000000000006
connection 50 71 0.325870391912758350 1 0.299999999999999989 0.100000000000000006
connection 54 73 0.386979870032519102 1 0.299999999999999989 0.100000000000000006
connection 43 70 -1.273025451460853219 0 0.299999999999999989 0.100000000000000006
connection 53 58 2.866588421980850399 0 0.299999999999999989 0.100000000000000006
connection 66 60 -1.226439139398280531 0 0.299999999999999989 0.100000000000000006
connection 22 49 2.315541820600628853 0 0.299999999999999989 0.100000000000000006
connection 1 51 0.450956450134981424 0 0.299999999999999989 0.100000000000000006
connection 70 60 -1.961850282095838338 0 0.299999999999999989 0.100000000000000006
connection 21 64 -2.618553610285744071 0 0.299999999999999989 0.100000000000000006
connection 60 68 4.351988814189098775 0 0.299999999999999989 0.100000000000000006
connection 9 73 2.283894734340719879 0 0.299999999999999989 0.100000000000000006
connection 33 68 -0.514281503681559116 0 0.299999999999999989 0.100000000000000006
connection 65 76 2.877977555501274765 0 0.299999999999999989 0.100000000000000006
connection 76 49 -2.497567464743042365 0 0.299999999999999989 0.100000000000000006
connection 25 77 -3.395344577118521556 0 0.299999999999999989 0.100000000000000006
connection 77 55 0.759732161357533187 0 0.299999999999999989 0.100000000000000006
connection 31 78 -0.853807779698399827 0 0.299999999999999989 0.100000000000000006
connection 78 59 -0.153186554671265185 0 0.299999999999999989 0.100000000000000006
connection 75 52 -3.154126779059879482 0 0.299999999999999989 0.100000000000000006
connection 42 72 -0.111458805185975507 0 0.299999999999999989 0.100000000000000006
connection 69 78 0.667950543109327555 0 0.299999999999999989 0.100000000000000006
connection 53 77 -0.645740173757076263 1 0.299999999999999989 0.100000000000000006
connection 1 79 -0.197393989656120539 0 0.299999999999999989 0.100000000000000006
connection 79 53 -0.157004354754462838 0 0.299999999999999989 0.100000000000000006
connection 33 65 0.156944568036124110 0 0.299999999999999989 0.100000000000000006
connection 2 67 0.345752783818170428 0 0.299999999999999989 0.100000000000000006
connection 65 79 0.073512923787347972 0 0.299999999999999989 0.100000000000000006
connection 41 80 0.137536535505205393 0 0.299999999999999989 0.100000000000000006
connection 80 59 -0.414771408075466752 0 0.299999999999999989 0.100000000000000006
connection 44 51 -0.525685645639896393 0 0.299999999999999989 0.100000000000000006
connection 80 68 0.387674408499151468 0 0.299999999999999989 0.100000000000000006
connection 14 72 0.054716836195439100 0 0.299999999999999989 0.100000000000000006
connection 79 49 -0.022924595512449741 0 0.299999999999999989 0.100000000000000006
connection 19 81 0.701490017585456371 0 0.299999999999999989 0.100000000000000006
connection 81 59 -0.424921131692826748 0 0.299999999999999989 0.100000000000000006
connection 48 56 -0.638813451165333390 1 0.299999999999999989 0.100000000000000006
connection 41 79 -0.260721160797402263 0 0.299999999999999989 0.100000000000000006
connection 54 75 0.247389873489737511 0 0.299999999999999989 0.100000000000000006
connection 4 75 -0.266641397494822741 0 0.299999999999999989 0.100000000000000006
connection 64 74 0.474092201096937060 0 0.299999999999999989 0.100000000000000006
connection 11 70 -0.525840105139650404 0 0.299999999999999989 0.100000000000000006
connection 26 76 -0.008962203748524189 0 0.299999999999999989 0.100000000000000006
connection 24 82 0.473768842173740268 0 0.299999999999999989 0.100000000000000006
connection 82 61 0.038775740889832377 0 0.299999999999999989 0.100000000000000006
connection 61 82 -0.018365378025919199 1 0.299999999999999989 0.100000000000000006
connection 70 56 0.385122858686372638 0 0.299999999999999989 0.100000000000000006
connection 81 53 -0.308361246949061751 0 0.299999999999999989 0.100000000000000006
connection 77 48 0.194016420748084784 0 0.299999999999999989 0.100000000000000006
connection 18 83 0.574518822832033038 0 0.299999999999999989 0.100000000000000006
connection 83 53 0.408896512584760785 0 0.299999999999999989 0.100000000000000006
connection 59 77 0.118238847469910979 1 0.299999999999999989 0.100000000000000006
connection 12 78 -0.328231281135231256 0 0.299999999999999989 0.100000000000000006
NNend

