NNstart
48 5
neuron 1 0.000000000000000000 0.000000000000000000 0.000000000000000000 0.000000000000000000 1 0.000000000000000000
neuron 1 0.000000000000000000 0.000000000000000000 0.000000000000000000 0.000000000000000000 1 0.000000000000000000
neuron 1 0.000000000000000000 0.000000000000000000 0.000000000000000000 0.000000000000000000 1 0.000000000000000000
neuron 1 0.000000000000000000 0.000000000000000000 0.000000000000000000 0.000000000000000000 1 0.000000000000000000
neuron 1 0.000000000000000000 0.000000000000000000 0.000000000000000000 0.000000000000000000 1 0.000000000000000000
neuron 1 0.000000000000000000 0.000000000000000000 0.000000000000000000 0.000000000000000000 1 0.000000000000000000
neuron 1 0.000000000000000000 0.000000000000000000 0.000000000000000000 0.000000000000000000 1 0.000000000000000000
neuron 1 0.000000000000000000 0.000000000000000000 0.000000000000000000 0.000000000000000000 1 0.000000000000000000
neuron 1 0.000000000000000000 0.000000000000000000 0.000000000000000000 0.000000000000000000 1 0.000000000000000000
neuron 1 0.000000000000000000 0.000000000000000000 0.000000000000000000 0.000000000000000000 1 0.000000000000000000
neuron 1 0.000000000000000000 0.000000000000000000 0.000000000000000000 0.000000000000000000 1 0.000000000000000000
neuron 1 0.000000000000000000 0.000000000000000000 0.000000000000000000 0.000000000000000000 1 0.000000000000000000
neuron 1 0.000000000000000000 0.000000000000000000 0.000000000000000000 0.000000000000000000 1 0.000000000000000000
neuron 1 0.000000000000000000 0.000000000000000000 0.000000000000000000 0.000000000000000000 1 0.000000000000000000
neuron 1 0.000000000000000000 0.000000000000000000 0.000000000000000000 0.000000000000000000 1 0.000000000000000000
neuron 1 0.000000000000000000 0.000000000000000000 0.000000000000000000 0.000000000000000000 1 0.000000000000000000
neuron 1 0.000000000000000000 0.000000000000000000 0.000000000000000000 0.000000000000000000 1 0.000000000000000000
neuron 1 0.000000000000000000 0.000000000000000000 0.000000000000000000 0.000000000000000000 1 0.000000000000000000
neuron 1 0.000000000000000000 0.000000000000000000 0.000000000000000000 0.000000000000000000 1 0.000000000000000000
neuron 1 0.000000000000000000 0.000000000000000000 0.000000000000000000 0.000000000000000000 1 0.000000000000000000
neuron 1 0.000000000000000000 0.000000000000000000 0.000000000000000000 0.000000000000000000 1 0.000000000000000000
neuron 1 0.000000000000000000 0.000000000000000000 0.000000000000000000 0.000000000000000000 1 0.000000000000000000
neuron 1 0.000000000000000000 0.000000000000000000 0.000000000000000000 0.000000000000000000 1 0.000000000000000000
neuron 1 0.000000000000000000 0.000000000000000000 0.000000000000000000 0.000000000000000000 1 0.000000000000000000
neuron 1 0.000000000000000000 0.000000000000000000 0.000000000000000000 0.000000000000000000 1 0.000000000000000000
neuron 1 0.000000000000000000 0.000000000000000000 0.000000000000000000 0.000000000000000000 1 0.000000000000000000
neuron 1 0.000000000000000000 0.000000000000000000 0.000000000000000000 0.000000000000000000 1 0.000000000000000000
neuron 1 0.000000000000000000 0.000000000000000000 0.000000000000000000 0.000000000000000000 1 0.000000000000000000
neuron 1 0.000000000000000000 0.000000000000000000 0.000000000000000000 0.000000000000000000 1 0.000000000000000000
neuron 1 0.000000000000000000 0.000000000000000000 0.000000000000000000 0.000000000000000000 1 0.000000000000000000
neuron 1 0.000000000000000000 0.000000000000000000 0.000000000000000000 0.000000000000000000 1 0.000000000000000000
neuron 1 0.000000000000000000 0.000000000000000000 0.000000000000000000 0.000000000000000000 1 0.000000000000000000
neuron 1 0.000000000000000000 0.000000000000000000 0.000000000000000000 0.000000000000000000 1 0.000000000000000000
neuron 1 0.000000000000000000 0.000000000000000000 0.000000000000000000 0.000000000000000000 1 0.000000000000000000
neuron 1 0.000000000000000000 0.000000000000000000 0.000000000000000000 0.000000000000000000 1 0.000000000000000000
neuron 1 0.000000000000000000 0.000000000000000000 0.000000000000000000 0.000000000000000000 1 0.000000000000000000
neuron 1 0.000000000000000000 0.000000000000000000 0.000000000000000000 0.000000000000000000 1 0.000000000000000000
neuron 1 0.000000000000000000 0.000000000000000000 0.000000000000000000 0.000000000000000000 1 0.000000000000000000
neuron 1 0.000000000000000000 0.000000000000000000 0.000000000000000000 0.000000000000000000 1 0.000000000000000000
neuron 1 0.000000000000000000 0.000000000000000000 0.000000000000000000 0.000000000000000000 1 0.000000000000000000
neuron 1 0.000000000000000000 0.000000000000000000 0.000000000000000000 0.000000000000000000 1 0.000000000000000000
neuron 1 0.000000000000000000 0.000000000000000000 0.000000000000000000 0.000000000000000000 1 0.000000000000000000
neuron 1 0.000000000000000000 0.000000000000000000 0.000000000000000000 0.000000000000000000 1 0.000000000000000000
neuron 1 0.000000000000000000 0.000000000000000000 0.000000000000000000 0.000000000000000000 1 0.000000000000000000
neuron 1 0.000000000000000000 0.000000000000000000 0.000000000000000000 0.000000000000000000 1 0.000000000000000000
neuron 1 0.000000000000000000 0.000000000000000000 0.000000000000000000 0.000000000000000000 1 0.000000000000000000
neuron 1 0.000000000000000000 0.000000000000000000 0.000000000000000000 0.000000000000000000 1 0.000000000000000000
neuron 2 0.000000000000000000 0.000000000000000000 0.000000000000000000 0.000000000000000000 1 0.000000000000000000
neuron 4 1.000000000000000000 0.000000000000000000 0.000000000000000000 0.000000000000000000 1 1.000000000000000000
neuron 4 1.000000000000000000 0.000000000000000000 0.000000000000000000 0.000000000000000000 1 1.000000000000000000
neuron 4 1.000000000000000000 0.000000000000000000 0.000000000000000000 0.000000000000000000 1 1.000000000000000000
neuron 4 1.000000000000000000 0.000000000000000000 0.000000000000000000 0.000000000000000000 1 1.000000000000000000
neuron 4 1.000000000000000000 0.000000000000000000 0.000000000000000000 0.000000000000000000 1 1.000000000000000000
neuron 3 1.000000000000000000 0.000000000000000000 0.000000000000000000 0.000000000000000000 1 0.500000000000000000
neuron 3 1.000000000000000000 0.000000000000000000 0.000000000000000000 0.000000000000000000 1 0.500000000000000000
neuron 3 1.000000000000000000 0.000000000000000000 0.000000000000000000 0.000000000000000000 1 0.500000000000000000
neuron 3 1.000000000000000000 0.000000000000000000 0.000000000000000000 0.000000000000000000 1 0.500000000000000000
neuron 3 1.000000000000000000 0.000000000000000000 0.000000000000000000 0.000000000000000000 1 0.500000000000000000
neuron 3 1.000000000000000000 0.000000000000000000 0.000000000000000000 0.000000000000000000 1 0.500000000000000000
neuron 3 1.000000000000000000 0.000000000000000000 0.000000000000000000 0.000000000000000000 1 0.500000000000000000
neuron 3 1.000000000000000000 0.000000000000000000 0.000000000000000000 0.000000000000000000 1 0.500000000000000000
neuron 3 1.000000000000000000 0.000000000000000000 0.000000000000000000 0.000000000000000000 1 0.500000000000000000
neuron 3 1.000000000000000000 0.000000000000000000 0.000000000000000000 0.000000000000000000 1 0.500000000000000000
neuron 3 1.000000000000000000 0.000000000000000000 0.000000000000000000 0.000000000000000000 1 0.250000000000000000
neuron 3 1.000000000000000000 0.000000000000000000 0.000000000000000000 0.000000000000000000 1 0.250000000000000000
neuron 3 1.000000000000000000 0.000000000000000000 0.000000000000000000 0.000000000000000000 4 0.250000000000000000
neuron 3 1.000000000000000000 0.000000000000000000 0.000000000000000000 0.000000000000000000 1 0.250000000000000000
neuron 3 1.000000000000000000 0.000000000000000000 0.000000000000000000 0.000000000000000000 4 0.750000000000000000
neuron 3 1.000000000000000000 0.000000000000000000 0.000000000000000000 0.000000000000000000 1 0.250000000000000000
neuron 3 1.000000000000000000 0.000000000000000000 0.000000000000000000 0.000000000000000000 4 0.250000000000000000
neuron 3 1.000000000000000000 0.000000000000000000 0.000000000000000000 0.000000000000000000 0 0.250000000000000000
neuron 3 1.000000000000000000 0.000000000000000000 0.000000000000000000 0.000000000000000000 1 0.250000000000000000
neuron 3 1.000000000000000000 0.000000000000000000 0.000000000000000000 0.000000000000000000 1 0.250000000000000000
neuron 3 1.000000000000000000 0.000000000000000000 0.000000000000000000 0.000000000000000000 1 0.250000000000000000
neuron 3 1.000000000000000000 0.000000000000000000 0.000000000000000000 0.000000000000000000 1 0.250000000000000000
neuron 3 1.000000000000000000 0.000000000000000000 0.000000000000000000 0.000000000000000000 1 0.750000000000000000
neuron 3 1.000000000000000000 0.000000000000000000 0.000000000000000000 0.000000000000000000 1 0.250000000000000000
neuron 3 1.000000000000000000 0.000000000000000000 0.000000000000000000 0.000000000000000000 1 0.250000000000000000
neuron 3 1.000000000000000000 0.000000000000000000 0.000000000000000000 0.000000000000000000 1 0.250000000000000000
neuron 3 1.000000000000000000 0.000000000000000000 0.000000000000000000 0.000000000000000000 2 0.250000000000000000
neuron 3 1.000000000000000000 0.000000000000000000 0.000000000000000000 0.000000000000000000 1 0.250000000000000000
neuron 3 1.000000000000000000 0.000000000000000000 0.000000000000000000 0.000000000000000000 1 0.250000000000000000
neuron 3 1.000000000000000000 0.000000000000000000 0.000000000000000000 0.000000000000000000 4 0.250000000000000000
neuron 3 1.000000000000000000 0.000000000000000000 0.000000000000000000 0.000000000000000000 2 0.250000000000000000
neuron 3 1.000000000000000000 0.000000000000000000 0.000000000000000000 0.000000000000000000 1 0.750000000000000000
neuron 3 1.000000000000000000 0.000000000000000000 0.000000000000000000 0.000000000000000000 1 0.250000000000000000
neuron 3 1.000000000000000000 0.000000000000000000 0.000000000000000000 0.000000000000000000 1 0.250000000000000000
neuron 3 1.000000000000000000 0.000000000000000000 0.000000000000000000 0.000000000000000000 1 0.125000000000000000
connection 0 53 -0.246055445648380555 0 0.299999999999999989 0.100000000000000006
connection 1 53 0.901677059067878872 0 0.299999999999999989 0.100000000000000006
connection 2 53 2.188222199256415479 0 0.299999999999999989 0.100000000000000006
connection 3 53 0.395616428693756461 0 0.299999999999999989 0.100000000000000006
connection 4 53 1.546793953752057860 0 0.299999999999999989 0.100000000000000006
connection 6 53 -0.624834335292689502 0 0.299999999999999989 0.100000000000000006
connection 7 53 -4.468963767030800227 0 0.299999999999999989 0.100000000000000006
connection 8 53 -0.130942769814282656 0 0.299999999999999989 0.100000000000000006
connection 9 53 -3.251070811238605529 0 0.299999999999999989 0.100000000000000006
connection 10 53 0.079067118698731065 0 0.299999999999999989 0.100000000000000006
connection 11 53 -0.810560350131709129 0 0.299999999999999989 0.100000000000000006
connection 12 53 -0.528220790438354015 0 0.299999999999999989 0.100000000000000006
connection 13 53 1.003747536160517484 0 0.299999999999999989 0.100000000000000006
connection 14 53 -1.053976002793206135 0 0.299999999999999989 0.100000000000000006
connection 15 53 0.281976350815966725 0 0.299999999999999989 0.100000000000000006
connection 16 53 0.369657700881361961 0 0.299999999999999989 0.100000000000000006
connection 17 53 0.271011617092881352 0 0.299999999999999989 0.100000000000000006
connection 18 53 0.565529106359463185 0 0.299999999999999989 0.100000000000000006
connection 19 53 1.447056510020047426 0 0.299999999999999989 0.100000000000000006
connection 20 53 1.273820496367989108 0 0.299999999999999989 0.100000000000000006
connection 21 53 6.779717675657593645 0 0.299999999999999989 0.100000000000000006
connection 22 53 1.626814746181480587 0 0.299999999999999989 0.100000000000000006
connection 23 53 0.854703884629998356 0 0.299999999999999989 0.100000000000000006
connection 24 53 -1.920146501855924726 0 0.299999999999999989 0.100000000000000006
connection 25 53 0.965383497881703079 0 0.299999999999999989 0.100000000000000006
connection 26 53 -0.209270082237708266 0 0.299999999999999989 0.100000000000000006
connection 27 53 -3.976535952300764620 0 0.299999999999999989 0.100000000000000006
connection 28 53 0.576341014093486592 0 0.299999999999999989 0.100000000000000006
connection 29 53 0.182673031478771009 0 0.299999999999999989 0.100000000000000006
connection 30 53 -0.806688926873903256 0 0.299999999999999989 0.100000000000000006
connection 31 53 0.838348455086816102 0 0.299999999999999989 0.100000000000000006
connection 32 53 1.588165504319476895 0 0.299999999999999989 0.100000000000000006
connection 33 53 0.293907657120143995 0 0.299999999999999989 0.100000000000000006
connection 34 53 -0.253073204075917602 0 0.299999999999999989 0.100000000000000006
connection 35 53 3.323807497428788338 0 0.299999999999999989 0.100000000000000006
connection 36 53 1.209944609996455256 0 0.299999999999999989 0.100000000000000006
connection 37 53 -2.161215205971529940 0 0.299999999999999989 0.100000000000000006
connection 38 53 1.226095108999288641 0 0.299999999999999989 0.100000000000000006
connection 39 53 2.534465707896742970 0 0.299999999999999989 0.100000000000000006
connection 40 53 0.100207605176819925 0 0.299999999999999989 0.100000000000000006
connection 41 53 3.712845583417220041 0 0.299999999999999989 0.100000000000000006
connection 42 53 0.451703199883922935 0 0.299999999999999989 0.100000000000000006
connection 43 53 1.478502628626301885 0 0.299999999999999989 0.100000000000000006
connection 44 53 -0.491806490987073630 0 0.299999999999999989 0.100000000000000006
connection 45 53 0.100356268580071628 0 0.299999999999999989 0.100000000000000006
connection 46 53 1.486272083478979766 0 0.299999999999999989 0.100000000000000006
connection 47 53 0.133454232476651669 0 0.299999999999999989 0.100000000000000006
connection 0 54 -0.918678672285750508 0 0.299999999999999989 0.100000000000000006
connection 1 54 0.581020738696679473 0 0.299999999999999989 0.100000000000000006
connection 2 54 -1.137935352249769494 0 0.299999999999999989 0.100000000000000006
connection 3 54 0.462078373995609581 0 0.299999999999999989 0.100000000000000006
connection 4 54 1.172463762690313160 0 0.299999999999999989 0.100000000000000006
connection 5 54 1.114370672963559628 0 0.299999999999999989 0.100000000000000006
connection 6 54 1.811962012317962945 0 0.299999999999999989 0.100000000000000006
connection 7 54 0.735991474008187652 0 0.299999999999999989 0.100000000000000006
connection 8 54 1.036931131093297154 0 0.299999999999999989 0.100000000000000006
connection 9 54 -1.866994344767590519 0 0.299999999999999989 0.100000000000000006
connection 10 54 -0.158259259071201086 0 0.299999999999999989 0.100000000000000006
connection 11 54 1.272949148027691990 0 0.299999999999999989 0.100000000000000006
connection 12 54 1.922938063857145607 0 0.299999999999999989 0.100000000000000006
connection 13 54 1.077735740665957564 0 0.299999999999999989 0.100000000000000006
connection 14 54 -1.908007284626364708 0 0.299999999999999989 0.100000000000000006
connection 15 54 -0.085699223302071914 0 0.299999999999999989 0.100000000000000006
connection 16 54 0.388472191523760557 0 0.299999999999999989 0.100000000000000006
connection 17 54 0.250496365712024271 0 0.299999999999999989 0.100000000000000006
connection 19 54 -1.427187998197041452 0 0.299999999999999989 0.100000000000000006
connection 20 54 0.669667689675407019 0 0.299999999999999989 0.100000000000000006
connection 21 54 -0.777476297720568255 0 0.299999999999999989 0.100000000000000006
connection 22 54 -0.770039012975757942 0 0.299999999999999989 0.100000000000000006
connection 23 54 1.066661484299402218 0 0.299999999999999989 0.100000000000000006
connection 25 54 -1.782949213520623744 0 0.299999999999999989 0.100000000000000006
connection 26 54 1.256803643103921786 0 0.299999999999999989 0.100000000000000006
connection 27 54 0.902072032011346892 0 0.299999999999999989 0.100000000000000006
connection 28 54 0.894746229008887894 0 0.299999999999999989 0.100000000000000006
connection 29 54 0.124543865473242477 0 0.299999999999999989 0.100000000000000006
connection 30 54 0.441112119089666521 0 0.299999999999999989 0.100000000000000006
connection 31 54 -2.098289648245554417 0 0.299999999999999989 0.100000000000000006
connection 33 54 -0.823091420490527526 0 0.299999999999999989 0.100000000000000006
connection 34 54 -0.932556277781259269 0 0.299999999999999989 0.100000000000000006
connection 35 54 0.845562025904655457 0 0.299999999999999989 0.100000000000000006
connection 36 54 -0.397664245087071322 0 0.299999999999999989 0.100000000000000006
connection 37 54 -0.088329821490333416 0 0.299999999999999989 0.100000000000000006
connection 38 54 -0.247550953878089786 0 0.299999999999999989 0.100000000000000006
connection 39 54 -0.163750756299123168 0 0.299999999999999989 0.100000000000000006
connection 40 54 -1.066913045564433560 0 0.299999999999999989 0.100000000000000006
connection 41 54 -0.183070850209333003 0 0.299999999999999989 0.100000000000000006
connection 42 54 -3.007117228815332055 0 0.299999999999999989 0.100000000000000006
connection 43 54 -3.931743397028185427 0 0.299999999999999989 0.100000000000000006
connection 44 54 1.428962308680638671 0 0.299999999999999989 0.100000000000000006
connection 45 54 0.789341874202364124 0 0.299999999999999989 0.100000000000000006
connection 46 54 1.666029085638001561 0 0.299999999999999989 0.100000000000000006
connection 47 54 2.441358449344988912 0 0.299999999999999989 0.100000000000000006
connection 0 55 -1.815529911866178736 0 0.299999999999999989 0.100000000000000006
connection 1 55 1.339429295854642987 0 0.299999999999999989 0.100000000000000006
connection 2 55 1.924098783867520979 0 0.299999999999999989 0.100000000000000006
connection 3 55 -0.128157639395794831 0 0.299999999999999989 0.100000000000000006
connection 4 55 -1.024860127479769289 0 0.299999999999999989 0.100000000000000006
connection 5 55 0.272319596027955413 0 0.299999999999999989 0.100000000000000006
connection 6 55 1.275003841030411422 0 0.299999999999999989 0.100000000000000006
connection 8 55 -1.627513654239010066 0 0.299999999999999989 0.100000000000000006
connection 9 55 0.117066038154007401 0 0.299999999999999989 0.100000000000000006
connection 10 55 -0.479878263548016548 0 0.299999999999999989 0.100000000000000006
connection 11 55 1.216009064839454368 0 0.299999999999999989 0.100000000000000006
connection 12 55 1.289722235756926239 0 0.299999999999999989 0.100000000000000006
connection 13 55 -0.933937539804901462 0 0.299999999999999989 0.100000000000000006
connection 14 55 0.402977502904832363 0 0.299999999999999989 0.100000000000000006
connection 15 55 -0.191438949805160519 0 0.299999999999999989 0.100000000000000006
connection 16 55 0.125744614866562188 0 0.299999999999999989 0.100000000000000006
connection 17 55 -0.119065953884273767 0 0.299999999999999989 0.100000000000000006
connection 18 55 -0.337081415986176580 0 0.299999999999999989 0.100000000000000006
connection 19 55 -1.934629269824654330 0 0.299999999999999989 0.100000000000000006
connection 20 55 -1.358150719082914293 0 0.299999999999999989 0.100000000000000006
connection 21 55 1.751494624957558699 0 0.299999999999999989 0.100000000000000006
connection 22 55 0.056984545444720425 0 0.299999999999999989 0.100000000000000006
connection 23 55 2.571565171820111573 0 0.299999999999999989 0.100000000000000006
connection 24 55 -1.824271969031542540 0 0.299999999999999989 0.100000000000000006
connection 26 55 0.091139776166528463 0 0.299999999999999989 0.100000000000000006
connection 27 55 1.685730073979357257 0 0.299999999999999989 0.100000000000000006
connection 28 55 -0.915919611559274927 0 0.299999999999999989 0.100000000000000006
connection 29 55 0.889627422031480819 0 0.299999999999999989 0.100000000000000006
connection 30 55 0.036972806963603944 0 0.299999999999999989 0.100000000000000006
connection 31 55 0.425266767619177699 0 0.299999999999999989 0.100000000000000006
connection 32 55 2.060050561594835017 0 0.299999999999999989 0.100000000000000006
connection 33 55 -0.337376529350876808 0 0.299999999999999989 0.100000000000000006
connection 34 55 -0.636331038549542427 0 0.299999999999999989 0.100000000000000006
connection 35 55 -0.940333509934134781 0 0.299999999999999989 0.100000000000000006
connection 37 55 -3.561515449830039870 0 0.299999999999999989 0.100000000000000006
connection 39 55 -0.803237583328154869 0 0.299999999999999989 0.100000000000000006
connection 40 55 0.702130445264629088 0 0.299999999999999989 0.100000000000000006
connection 41 55 0.442090208856825484 0 0.299999999999999989 0.100000000000000006
connection 42 55 0.345114967552945018 0 0.299999999999999989 0.100000000000000006
connection 43 55 -0.517295361263677478 0 0.299999999999999989 0.100000000000000006
connection 44 55 2.766740341947297566 0 0.299999999999999989 0.100000000000000006
connection 45 55 -1.706292008719174191 0 0.299999999999999989 0.100000000000000006
connection 47 55 -1.925384361529722810 0 0.299999999999999989 0.100000000000000006
connection 0 56 -0.716649702633731067 0 0.299999999999999989 0.100000000000000006
connection 1 56 0.950825394480489194 0 0.299999999999999989 0.100000000000000006
connection 2 56 0.535608681434496248 0 0.299999999999999989 0.100000000000000006
connection 3 56 1.613713428028859198 0 0.299999999999999989 0.100000000000000006
connection 5 56 1.605112291988916695 0 0.299999999999999989 0.100000000000000006
connection 6 56 -0.471731692552566528 0 0.299999999999999989 0.100000000000000006
connection 7 56 -1.548673140699975193 0 0.299999999999999989 0.100000000000000006
connection 8 56 -0.019061482074903324 0 0.299999999999999989 0.100000000000000006
connection 9 56 0.883524131473677699 0 0.299999999999999989 0.100000000000000006
connection 10 56 -0.726152151182759553 0 0.299999999999999989 0.100000000000000006
connection 11 56 -0.231996054295450449 0 0.299999999999999989 0.100000000000000006
connection 12 56 -0.247247329214587808 0 0.299999999999999989 0.100000000000000006
connection 13 56 -0.421007233104319312 0 0.299999999999999989 0.100000000000000006
connection 14 56 1.422509819269180298 0 0.299999999999999989 0.100000000000000006
connection 15 56 0.596978230707463808 0 0.299999999999999989 0.100000000000000006
connection 16 56 3.224283683768589981 0 0.299999999999999989 0.100000000000000006
connection 18 56 1.402034657628973946 0 0.299999999999999989 0.100000000000000006
connection 19 56 -2.354074571776436642 0 0.299999999999999989 0.100000000000000006
connection 20 56 -1.930864861104055308 0 0.299999999999999989 0.100000000000000006
connection 21 56 0.170078798430040479 0 0.299999999999999989 0.100000000000000006
connection 22 56 1.001458553946577013 0 0.299999999999999989 0.100000000000000006
connection 23 56 -0.539110787503886968 0 0.299999999999999989 0.100000000000000006
connection 24 56 0.623475060332566500 0 0.299999999999999989 0.100000000000000006
connection 25 56 -0.886152474791742861 0 0.299999999999999989 0.100000000000000006
connection 26 56 -0.661041247891262174 0 0.299999999999999989 0.100000000000000006
connection 28 56 -0.190120175306219608 0 0.299999999999999989 0.100000000000000006
connection 29 56 0.929740558261983097 0 0.299999999999999989 0.100000000000000006
connection 30 56 -0.551221293229275489 0 0.299999999999999989 0.100000000000000006
connection 31 56 -2.927776378739508800 0 0.299999999999999989 0.100000000000000006
connection 32 56 0.776467091345693916 0 0.299999999999999989 0.100000000000000006
connection 33 56 1.912262770230881870 0 0.299999999999999989 0.100000000000000006
connection 34 56 -0.894922279636375606 0 0.299999999999999989 0.100000000000000006
connection 35 56 -0.232356938373413868 0 0.299999999999999989 0.100000000000000006
connection 36 56 -0.405465891148196533 0 0.299999999999999989 0.100000000000000006
connection 37 56 0.915348400129005313 0 0.299999999999999989 0.100000000000000006
connection 38 56 -0.242285491432994604 0 0.299999999999999989 0.100000000000000006
connection 39 56 0.581570149894105271 0 0.299999999999999989 0.100000000000000006
connection 40 56 -0.132309940003324300 0 0.299999999999999989 0.100000000000000006
connection 41 56 -1.337097844050731510 0 0.299999999999999989 0.100000000000000006
connection 42 56 -0.378922573327145074 0 0.299999999999999989 0.100000000000000006
connection 43 56 -0.272029814084817190 0 0.299999999999999989 0.100000000000000006
connection 44 56 0.280792234319960698 0 0.299999999999999989 0.100000000000000006
connection 45 56 1.092487584013724700 0 0.299999999999999989 0.100000000000000006
connection 46 56 -1.182207201141864061 0 0.299999999999999989 0.100000000000000006
connection 47 56 0.036448349710553885 0 0.299999999999999989 0.100000000000000006
connection 0 57 -1.967773109224708605 0 0.299999999999999989 0.100000000000000006
connection 1 57 -3.703383299114648253 0 0.299999999999999989 0.100000000000000006
connection 3 57 -0.016447591595351696 0 0.299999999999999989 0.100000000000000006
connection 4 57 0.106504775512803462 0 0.299999999999999989 0.100000000000000006
connection 5 57 1.676311711198650301 0 0.299999999999999989 0.100000000000000006
connection 6 57 -1.355267490143887699 0 0.299999999999999989 0.100000000000000006
connection 7 57 -1.140479281151783653 0 0.299999999999999989 0.100000000000000006
connection 8 57 0.972533358978125761 0 0.299999999999999989 0.100000000000000006
connection 9 57 -0.377455790032399818 0 0.299999999999999989 0.100000000000000006
connection 10 57 -0.823583924855483929 0 0.299999999999999989 0.100000000000000006
connection 11 57 -0.596323937992565334 0 0.299999999999999989 0.100000000000000006
connection 12 57 -0.781874264357611537 0 0.299999999999999989 0.100000000000000006
connection 13 57 -0.547069716965779662 0 0.299999999999999989 0.100000000000000006
connection 14 57 1.195886875502765179 0 0.299999999999999989 0.100000000000000006
connection 15 57 -1.119235252146609128 0 0.299999999999999989 0.100000000000000006
connection 16 57 -0.836871828651055694 0 0.299999999999999989 0.100000000000000006
connection 17 57 0.653043913072906435 0 0.299999999999999989 0.100000000000000006
connection 18 57 0.459438100231636781 0 0.299999999999999989 0.100000000000000006
connection 19 57 1.048929628450423479 0 0.299999999999999989 0.100000000000000006
connection 20 57 -0.577822397637646645 0 0.299999999999999989 0.100000000000000006
connection 21 57 -1.803200886875856668 0 0.299999999999999989 0.100000000000000006
connection 22 57 -0.320236228944850154 0 0.299999999999999989 0.100000000000000006
connection 23 57 -0.234180059167556465 0 0.299999999999999989 0.100000000000000006
connection 24 57 1.505694047431461513 0 0.299999999999999989 0.100000000000000006
connection 25 57 2.705926462003844790 0 0.299999999999999989 0.100000000000000006
connection 26 57 -0.986869836575351655 0 0.299999999999999989 0.100000000000000006
connection 27 57 -0.238162044464843348 0 0.299999999999999989 0.100000000000000006
connection 28 57 -0.943607403756686836 0 0.299999999999999989 0.100000000000000006
connection 29 57 1.003973676823079586 0 0.299999999999999989 0.100000000000000006
connection 30 57 -0.005216433084569871 0 0.299999999999999989 0.100000000000000006
connection 31 57 0.995586168079171330 0 0.299999999999999989 0.100000000000000006
connection 32 57 -1.643662469490664080 0 0.299999999999999989 0.100000000000000006
connection 33 57 0.381697172902931925 0 0.299999999999999989 0.100000000000000006
connection 34 57 -3.324244926072424278 0 0.299999999999999989 0.100000000000000006
connection 35 57 -0.737941624131053686 0 0.299999999999999989 0.100000000000000006
connection 36 57 0.273084474727511406 0 0.299999999999999989 0.100000000000000006
connection 37 57 -1.686250467202626169 0 0.299999999999999989 0.100000000000000006
connection 38 57 0.360272523437743075 0 0.299999999999999989 0.100000000000000006
connection 40 57 -1.141345050826203078 0 0.299999999999999989 0.100000000000000006
connection 41 57 0.191434267675504088 0 0.299999999999999989 0.100000000000000006
connection 42 57 -1.480028953752480447 0 0.299999999999999989 0.100000000000000006
connection 43 57 0.015065260115079582 0 0.299999999999999989 0.100000000000000006
connection 44 57 2.339498043758794665 0 0.299999999999999989 0.100000000000000006
connection 45 57 -1.094598782277898863 0 0.299999999999999989 0.100000000000000006
connection 46 57 1.026717875764006749 0 0.299999999999999989 0.100000000000000006
connection 47 57 3.069081213601748459 0 0.299999999999999989 0.100000000000000006
connection 0 58 -1.247431604846497066 0 0.299999999999999989 0.100000000000000006
connection 1 58 2.929910685750655830 0 0.299999999999999989 0.100000000000000006
connection 2 58 -2.306820607918780297 0 0.299999999999999989 0.100000000000000006
connection 3 58 1.990182715468108654 0 0.299999999999999989 0.100000000000000006
connection 4 58 -0.423624174149153987 0 0.299999999999999989 0.100000000000000006
connection 5 58 0.115197181963594630 0 0.299999999999999989 0.100000000000000006
connection 6 58 0.228809914027806371 0 0.299999999999999989 0.100000000000000006
connection 7 58 -1.290912442957051098 0 0.299999999999999989 0.100000000000000006
connection 8 58 -5.867799442494288087 0 0.299999999999999989 0.100000000000000006
connection 9 58 -4.961742896950454451 0 0.299999999999999989 0.100000000000000006
connection 10 58 -1.571457553931395523 0 0.299999999999999989 0.100000000000000006
connection 11 58 -0.674097628740128130 0 0.299999999999999989 0.100000000000000006
connection 12 58 -1.520491699920967221 0 0.299999999999999989 0.100000000000000006
connection 13 58 0.694605833734385669 0 0.299999999999999989 0.100000000000000006
connection 14 58 1.057190364443158614 0 0.299999999999999989 0.100000000000000006
connection 15 58 -2.739039601503463928 0 0.299999999999999989 0.100000000000000006
connection 16 58 -1.675365379080176353 0 0.299999999999999989 0.100000000000000006
connection 17 58 0.194184321677312255 0 0.299999999999999989 0.100000000000000006
connection 18 58 2.290344011536944890 0 0.299999999999999989 0.100000000000000006
connection 19 58 -0.137633861701033311 0 0.299999999999999989 0.100000000000000006
connection 20 58 0.540042884997092187 0 0.299999999999999989 0.100000000000000006
connection 23 58 -0.672701428120490164 0 0.299999999999999989 0.100000000000000006
connection 24 58 2.312597013195045292 0 0.299999999999999989 0.100000000000000006
connection 25 58 2.770316339781857096 0 0.299999999999999989 0.100000000000000006
connection 27 58 0.118939930573105812 0 0.299999999999999989 0.100000000000000006
connection 28 58 -0.584289389778859913 0 0.299999999999999989 0.100000000000000006
connection 29 58 -0.830288366647437215 0 0.299999999999999989 0.100000000000000006
connection 30 58 1.277995992073556408 0 0.299999999999999989 0.100000000000000006
connection 31 58 0.516683321737218648 0 0.299999999999999989 0.100000000000000006
connection 32 58 -2.421307406126288697 0 0.299999999999999989 0.100000000000000006
connection 33 58 -1.731718959024874493 0 0.299999999999999989 0.100000000000000006
connection 34 58 0.020373031235067174 0 0.299999999999999989 0.100000000000000006
connection 35 58 -0.440861924522323534 0 0.299999999999999989 0.100000000000000006
connection 37 58 -0.432577725805458613 0 0.299999999999999989 0.100000000000000006
connection 38 58 -1.668599159223958850 0 0.299999999999999989 0.100000000000000006
connection 39 58 -1.234281945857219398 0 0.299999999999999989 0.100000000000000006
connection 40 58 0.576036975951865315 0 0.299999999999999989 0.100000000000000006
connection 41 58 3.222047444558938878 0 0.299999999999999989 0.100000000000000006
connection 42 58 -0.595798675472906325 0 0.299999999999999989 0.100000000000000006
connection 43 58 -0.534668088846956380 0 0.299999999999999989 0.100000000000000006
connection 44 58 -1.422884638770483434 0 0.299999999999999989 0.100000000000000006
connection 45 58 0.660785577492788434 0 0.299999999999999989 0.100000000000000006
connection 46 58 1.400430258829146624 0 0.299999999999999989 0.100000000000000006
connection 47 58 -1.046925104168622056 0 0.299999999999999989 0.100000000000000006
connection 0 59 0.288102839200291783 0 0.299999999999999989 0.100000000000000006
connection 1 59 -0.274919602234149352 0 0.299999999999999989 0.100000000000000006
connection 2 59 2.796936481259763241 0 0.299999999999999989 0.100000000000000006
connection 3 59 -1.054977386113023385 0 0.299999999999999989 0.100000000000000006
connection 4 59 0.624004348996095359 0 0.299999999999999989 0.100000000000000006
connection 5 59 -1.405311010312289000 0 0.299999999999999989 0.100000000000000006
connection 6 59 1.767192701809108257 0 0.299999999999999989 0.100000000000000006
connection 8 59 -0.312648628954775631 0 0.299999999999999989 0.100000000000000006
connection 9 59 0.399467497831210494 0 0.299999999999999989 0.100000000000000006
connection 10 59 -0.155413822503760457 0 0.299999999999999989 0.100000000000000006
connection 12 59 2.578465625294484198 0 0.299999999999999989 0.100000000000000006
connection 13 59 1.215033051907084882 0 0.299999999999999989 0.100000000000000006
connection 14 59 0.737305745482444763 0 0.299999999999999989 0.100000000000000006
connection 15 59 -0.247540123178623617 0 0.299999999999999989 0.100000000000000006
connection 16 59 -0.206328954791388242 0 0.299999999999999989 0.100000000000000006
connection 17 59 -0.072150273947045207 0 0.299999999999999989 0.100000000000000006
connection 18 59 1.473509374307468534 0 0.299999999999999989 0.100000000000000006
connection 19 59 0.281309641315601766 0 0.299999999999999989 0.100000000000000006
connection 20 59 -1.541518388199619949 0 0.299999999999999989 0.100000000000000006
connection 21 59 -0.284170957165770233 0 0.299999999999999989 0.100000000000000006
connection 22 59 0.256595773855224252 0 0.299999999999999989 0.100000000000000006
connection 23 59 0.063334516598843038 0 0.299999999999999989 0.100000000000000006
connection 24 59 -0.058645852375775576 0 0.299999999999999989 0.100000000000000006
connection 25 59 -2.051787494579912163 0 0.299999999999999989 0.100000000000000006
connection 26 59 -0.477921730034154280 0 0.299999999999999989 0.100000000000000006
connection 27 59 1.536321507213870063 0 0.299999999999999989 0.100000000000000006
connection 28 59 -1.374108687392435968 0 0.299999999999999989 0.100000000000000006
connection 29 59 -0.524552148650400341 0 0.299999999999999989 0.100000000000000006
connection 30 59 0.854329638703347882 0 0.299999999999999989 0.100000000000000006
connection 31 59 0.150817379122599959 0 0.299999999999999989 0.100000000000000006
connection 32 59 -0.738933390570309712 0 0.299999999999999989 0.100000000000000006
connection 33 59 1.417902354965917766 0 0.299999999999999989 0.100000000000000006
connection 34 59 0.309499908362340648 0 0.299999999999999989 0.100000000000000006
connection 35 59 0.363718131673522294 0 0.299999999999999989 0.100000000000000006
connection 36 59 0.591641316888853908 0 0.299999999999999989 0.100000000000000006
connection 37 59 0.748096798546612263 0 0.299999999999999989 0.100000000000000006
connection 38 59 1.523107030894607306 0 0.299999999999999989 0.100000000000000006
connection 39 59 0.003977032814873382 0 0.299999999999999989 0.100000000000000006
connection 40 59 -1.845863196125719696 0 0.299999999999999989 0.100000000000000006
connection 42 59 -0.626332788015133701 0 0.299999999999999989 0.100000000000000006
connection 43 59 -1.005748584633693099 0 0.299999999999999989 0.100000000000000006
connection 44 59 1.970687208377057686 0 0.299999999999999989 0.100000000000000006
connection 45 59 -1.670067623199429363 0 0.299999999999999989 0.100000000000000006
connection 46 59 4.468764428689610213 0 0.299999999999999989 0.100000000000000006
connection 47 59 -1.175310020596953109 0 0.299999999999999989 0.100000000000000006
connection 0 60 -3.271207774290814996 0 0.299999999999999989 0.100000000000000006
connection 1 60 -2.038036720739910379 0 0.299999999999999989 0.100000000000000006
connection 2 60 -0.292042992372444132 0 0.299999999999999989 0.100000000000000006
connection 3 60 1.987723927828483284 0 0.299999999999999989 0.100000000000000006
connection 4 60 -0.144635115866549313 0 0.299999999999999989 0.100000000000000006
connection 5 60 -0.315905028874112759 0 0.299999999999999989 0.100000000000000006
connection 6 60 -0.780913899186998606 0 0.299999999999999989 0.100000000000000006
connection 7 60 2.844668114441446960 0 0.299999999999999989 0.100000000000000006
connection 8 60 -0.373791314341360703 0 0.299999999999999989 0.100000000000000006
connection 9 60 0.587693738125381060 0 0.299999999999999989 0.100000000000000006
connection 10 60 -1.648876701707195025 0 0.299999999999999989 0.100000000000000006
connection 12 60 1.126179085025796667 0 0.299999999999999989 0.100000000000000006
connection 13 60 1.386329270211717812 0 0.299999999999999989 0.100000000000000006
connection 14 60 -0.150748432381078601 0 0.299999999999999989 0.100000000000000006
connection 15 60 1.011009788286173716 0 0.299999999999999989 0.100000000000000006
connection 16 60 0.138475367915816605 0 0.299999999999999989 0.100000000000000006
connection 17 60 3.051204955962020904 0 0.299999999999999989 0.100000000000000006
connection 18 60 -2.498958813608624041 0 0.299999999999999989 0.100000000000000006
connection 19 60 0.259319073607912287 0 0.299999999999999989 0.100000000000000006
connection 20 60 1.042104228021344170 0 0.299999999999999989 0.100000000000000006
connection 21 60 1.067200524092186242 0 0.299999999999999989 0.100000000000000006
connection 22 60 -0.115897199517348781 0 0.299999999999999989 0.100000000000000006
connection 23 60 0.875270947988610715 0 0.299999999999999989 0.100000000000000006
connection 24 60 -0.683157040737569332 0 0.299999999999999989 0.100000000000000006
connection 25 60 -0.342564675702305976 0 0.299999999999999989 0.100000000000000006
connection 26 60 -0.001713606412522495 0 0.299999999999999989 0.100000000000000006
connection 27 60 -0.988950301893055439 0 0.299999999999999989 0.100000000000000006
connection 28 60 0.195792487036669627 0 0.299999999999999989 0.100000000000000006
connection 29 60 0.272027856903150678 0 0.299999999999999989 0.100000000000000006
connection 30 60 2.157633497452479787 0 0.299999999999999989 0.100000000000000006
connection 31 60 -0.689269589027389884 0 0.299999999999999989 0.100000000000000006
connection 32 60 0.364678358047967777 0 0.299999999999999989 0.100000000000000006
connection 33 60 -0.326464365702122450 0 0.299999999999999989 0.100000000000000006
connection 34 60 -0.588478847581427544 0 0.299999999999999989 0.100000000000000006
connection 35 60 -0.219845014857128263 0 0.299999999999999989 0.100000000000000006
connection 36 60 0.642087330983486027 0 0.299999999999999989 0.100000000000000006
connection 37 60 -2.848920594289666042 0 0.299999999999999989 0.100000000000000006
connection 38 60 -0.706716896267607808 0 0.299999999999999989 0.100000000000000006
connection 40 60 -0.274445521412417293 0 0.299999999999999989 0.100000000000000006
connection 41 60 0.686849736015574308 0 0.299999999999999989 0.100000000000000006
connection 42 60 0.468426467967219651 0 0.299999999999999989 0.100000000000000006
connection 43 60 1.567984629364218563 0 0.299999999999999989 0.100000000000000006
connection 44 60 -0.461767556000268087 0 0.299999999999999989 0.100000000000000006
connection 45 60 2.361350652528926730 0 0.299999999999999989 0.100000000000000006
connection 46 60 0.371814569924026728 0 0.299999999999999989 0.100000000000000006
connection 47 60 -0.555708845728076994 0 0.299999999999999989 0.100000000000000006
connection 0 61 2.331036124989623204 0 0.299999999999999989 0.100000000000000006
connection 1 61 0.297343834070488811 0 0.299999999999999989 0.100000000000000006
connection 3 61 -7.009633759444113821 0 0.299999999999999989 0.100000000000000006
connection 4 61 0.545043820078717545 0 0.299999999999999989 0.100000000000000006
connection 5 61 2.059168069099541754 0 0.299999999999999989 0.100000000000000006
connection 6 61 -0.200703999726101756 0 0.299999999999999989 0.100000000000000006
connection 7 61 2.797205295646563172 0 0.299999999999999989 0.100000000000000006
connection 8 61 -0.265270424715708941 0 0.299999999999999989 0.100000000000000006
connection 9 61 0.877854293677955866 0 0.299999999999999989 0.100000000000000006
connection 11 61 -0.333396689034998417 0 0.299999999999999989 0.100000000000000006
connection 12 61 -1.749068255594465882 0 0.299999999999999989 0.100000000000000006
connection 13 61 -0.748513974132947624 0 0.299999999999999989 0.100000000000000006
connection 14 61 -0.510602847702102736 0 0.299999999999999989 0.100000000000000006
connection 15 61 1.377553869650000706 0 0.299999999999999989 0.100000000000000006
connection 17 61 1.622281490417663008 0 0.299999999999999989 0.100000000000000006
connection 18 61 -0.280468931567156687 0 0.299999999999999989 0.100000000000000006
connection 19 61 -1.201440213713794947 0 0.299999999999999989 0.100000000000000006
connection 20 61 -3.597967767411319073 0 0.299999999999999989 0.100000000000000006
connection 21 61 3.034263101755641401 0 0.299999999999999989 0.100000000000000006
connection 22 61 0.441700423252768815 0 0.299999999999999989 0.100000000000000006
connection 23 61 -1.292912707314826548 0 0.299999999999999989 0.100000000000000006
connection 24 61 0.879392885719425976 0 0.299999999999999989 0.100000000000000006
connection 25 61 -0.519466428551822901 0 0.299999999999999989 0.100000000000000006
connection 26 61 -0.828661090112291276 0 0.299999999999999989 0.100000000000000006
connection 27 61 2.152297787251882255 0 0.299999999999999989 0.100000000000000006
connection 28 61 -0.053057013312354684 0 0.299999999999999989 0.100000000000000006
connection 29 61 0.756952710944460705 0 0.299999999999999989 0.100000000000000006
connection 30 61 -0.070747246267274022 0 0.299999999999999989 0.100000000000000006
connection 31 61 -3.227806409064214677 0 0.299999999999999989 0.100000000000000006
connection 33 61 4.145947504526702687 0 0.299999999999999989 0.100000000000000006
connection 34 61 0.449779219823540188 0 0.299999999999999989 0.100000000000000006
connection 35 61 -0.170880999881774187 0 0.299999999999999989 0.100000000000000006
connection 36 61 -0.475984318018163322 0 0.299999999999999989 0.100000000000000006
connection 37 61 -1.548049006305518560 0 0.299999999999999989 0.100000000000000006
connection 38 61 -0.030136443441733718 0 0.299999999999999989 0.100000000000000006
connection 39 61 -0.788082858081907034 0 0.299999999999999989 0.100000000000000006
connection 40 61 -1.501854981805081479 0 0.299999999999999989 0.100000000000000006
connection 41 61 0.373260817112168297 0 0.299999999999999989 0.100000000000000006
connection 43 61 1.292835542553802952 0 0.299999999999999989 0.100000000000000006
connection 44 61 -0.794960312312468886 0 0.299999999999999989 0.100000000000000006
connection 45 61 -1.213468838599510491 0 0.299999999999999989 0.100000000000000006
connection 46 61 0.668832771338202292 0 0.299999999999999989 0.100000000000000006
connection 47 61 -0.134025452847708948 0 0.299999999999999989 0.100000000000000006
connection 0 62 -0.428978851065039635 0 0.299999999999999989 0.100000000000000006
connection 1 62 2.622926470008678734 0 0.299999999999999989 0.100000000000000006
connection 2 62 0.119772214780823560 0 0.299999999999999989 0.100000000000000006
connection 3 62 -2.053731084743048996 0 0.299999999999999989 0.100000000000000006
connection 4 62 0.031214432703563944 0 0.299999999999999989 0.100000000000000006
connection 5 62 -0.364882959169335663 0 0.299999999999999989 0.100000000000000006
connection 6 62 -2.932617354730609804 0 0.299999999999999989 0.100000000000000006
connection 7 62 -1.901930806110613048 0 0.299999999999999989 0.100000000000000006
connection 8 62 1.217833844479173422 0 0.299999999999999989 0.100000000000000006
connection 9 62 -0.620174328272696584 0 0.299999999999999989 0.100000000000000006
connection 10 62 1.475943701399955899 0 0.299999999999999989 0.100000000000000006
connection 11 62 -0.100970867410069332 0 0.299999999999999989 0.100000000000000006
connection 12 62 2.022388868848793209 0 0.299999999999999989 0.100000000000000006
connection 13 62 -0.899918419157984317 0 0.299999999999999989 0.100000000000000006
connection 14 62 1.156443527430383256 0 0.299999999999999989 0.100000000000000006
connection 15 62 0.578101169667206705 0 0.299999999999999989 0.100000000000000006
connection 16 62 1.377942039573099464 0 0.299999999999999989 0.100000000000000006
connection 17 62 1.339019004895817488 0 0.299999999999999989 0.100000000000000006
connection 18 62 -0.193444979842752218 0 0.299999999999999989 0.100000000000000006
connection 19 62 -1.180054889060556889 0 0.299999999999999989 0.100000000000000006
connection 20 62 2.865643629571422935 0 0.299999999999999989 0.100000000000000006
connection 21 62 -3.788559777342015877 0 0.299999999999999989 0.100000000000000006
connection 22 62 -0.539099710062146187 0 0.299999999999999989 0.100000000000000006
connection 23 62 0.377451801970892120 0 0.299999999999999989 0.100000000000000006
connection 24 62 0.596206737391185015 0 0.299999999999999989 0.100000000000000006
connection 25 62 1.172963471159164328 0 0.299999999999999989 0.100000000000000006
connection 26 62 1.436194182548206300 0 0.299999999999999989 0.100000000000000006
connection 27 62 0.809588963456917554 0 0.299999999999999989 0.100000000000000006
connection 28 62 0.083977880422025919 0 0.299999999999999989 0.100000000000000006
connection 29 62 -1.815731211907404941 0 0.299999999999999989 0.100000000000000006
connection 30 62 -1.076547924196347594 0 0.299999999999999989 0.100000000000000006
connection 32 62 0.340202520135790110 0 0.299999999999999989 0.100000000000000006
connection 33 62 -0.404930433141998947 0 0.299999999999999989 0.100000000000000006
connection 34 62 0.008217455237172544 0 0.299999999999999989 0.100000000000000006
connection 35 62 3.409295375873625744 0 0.299999999999999989 0.100000000000000006
connection 36 62 0.948003030847758055 0 0.299999999999999989 0.100000000000000006
connection 37 62 1.309557873872108757 0 0.299999999999999989 0.100000000000000006
connection 38 62 -0.687347071245312691 0 0.299999999999999989 0.100000000000000006
connection 39 62 -1.220291009754873812 0 0.299999999999999989 0.100000000000000006
connection 40 62 -1.310738144813512918 0 0.299999999999999989 0.100000000000000006
connection 41 62 3.711457287179655395 0 0.299999999999999989 0.100000000000000006
connection 42 62 1.121629787623533048 0 0.299999999999999989 0.100000000000000006
connection 43 62 0.128862716897856444 0 0.299999999999999989 0.100000000000000006
connection 44 62 -1.296335234643265721 0 0.299999999999999989 0.100000000000000006
connection 45 62 -0.773140324046835303 0 0.299999999999999989 0.100000000000000006
connection 46 62 1.589221733622252941 0 0.299999999999999989 0.100000000000000006
connection 47 62 -0.095790686958935112 0 0.299999999999999989 0.100000000000000006
connection 53 48 -0.921151186776114628 0 0.299999999999999989 0.100000000000000006
connection 54 48 -0.076234141830354929 0 0.299999999999999989 0.100000000000000006
connection 55 48 1.324402905447641388 0 0.299999999999999989 0.100000000000000006
connection 56 48 -0.290621549589559436 0 0.299999999999999989 0.100000000000000006
connection 57 48 -1.898910917429020628 0 0.299999999999999989 0.100000000000000006
connection 58 48 -0.913457935384940356 0 0.299999999999999989 0.100000000000000006
connection 59 48 2.426949915708974004 0 0.299999999999999989 0.100000000000000006
connection 61 48 3.495583915791939944 0 0.299999999999999989 0.100000000000000006
connection 62 48 -1.723605424020206556 0 0.299999999999999989 0.100000000000000006
connection 53 49 0.087431314168497920 0 0.299999999999999989 0.100000000000000006
connection 54 49 1.983328080823412165 0 0.299999999999999989 0.100000000000000006
connection 55 49 -0.878230130183510482 0 0.299999999999999989 0.100000000000000006
connection 56 49 0.924261972424574196 0 0.299999999999999989 0.100000000000000006
connection 57 49 -0.778443301271181554 0 0.299999999999999989 0.100000000000000006
connection 58 49 1.001458159822504967 0 0.299999999999999989 0.100000000000000006
connection 60 49 -1.375253894544869127 0 0.299999999999999989 0.100000000000000006
connection 61 49 -0.021599665516987443 0 0.299999999999999989 0.100000000000000006
connection 62 49 -0.628719151827681344 0 0.299999999999999989 0.100000000000000006
connection 53 50 0.367359344614669681 0 0.299999999999999989 0.100000000000000006
connection 55 50 -3.058959399815648794 0 0.299999999999999989 0.100000000000000006
connection 56 50 0.348853426286950707 0 0.299999999999999989 0.100000000000000006
connection 58 50 -5.097650675175827928 0 0.299999999999999989 0.100000000000000006
connection 59 50 -1.104868182563222945 0 0.299999999999999989 0.100000000000000006
connection 60 50 -1.620638246939051896 0 0.299999999999999989 0.100000000000000006
connection 61 50 1.047873833464109339 0 0.299999999999999989 0.100000000000000006
connection 62 50 2.143777022836729884 0 0.299999999999999989 0.100000000000000006
connection 53 51 -1.994015428273996804 0 0.299999999999999989 0.100000000000000006
connection 54 51 -1.331321268837200478 0 0.299999999999999989 0.100000000000000006
connection 55 51 -0.156407765491167083 0 0.299999999999999989 0.100000000000000006
connection 56 51 -0.005233722738921642 0 0.299999999999999989 0.100000000000000006
connection 57 51 2.020873216271866113 0 0.299999999999999989 0.100000000000000006
connection 58 51 0.341242370399413630 0 0.299999999999999989 0.100000000000000006
connection 59 51 2.467132060672156513 0 0.299999999999999989 0.100000000000000006
connection 60 51 -2.001970080338651314 0 0.299999999999999989 0.100000000000000006
connection 61 51 -3.788014219229808077 0 0.299999999999999989 0.100000000000000006
connection 62 51 0.035390428063692525 0 0.299999999999999989 0.100000000000000006
connection 54 52 0.425842596800066531 0 0.299999999999999989 0.100000000000000006
connection 55 52 -2.433430675446288660 0 0.299999999999999989 0.100000000000000006
connection 56 52 -1.458931352419313043 0 0.299999999999999989 0.100000000000000006
connection 57 52 -0.367513788216456305 0 0.299999999999999989 0.100000000000000006
connection 58 52 -2.383695753116626292 0 0.299999999999999989 0.100000000000000006
connection 59 52 2.262625717092305422 0 0.299999999999999989 0.100000000000000006
connection 60 52 2.339171583407733124 0 0.299999999999999989 0.100000000000000006
connection 61 52 -0.791546023043338209 0 0.299999999999999989 0.100000000000000006
connection 62 52 -2.854227398551302031 0 0.299999999999999989 0.100000000000000006
connection 47 48 -4.046368313080165535 0 0.299999999999999989 0.100000000000000006
connection 47 49 -0.342746893678850029 0 0.299999999999999989 0.100000000000000006
connection 47 50 0.918068038354249438 0 0.299999999999999989 0.100000000000000006
connection 47 51 1.095416951400693506 0 0.299999999999999989 0.100000000000000006
connection 47 52 -0.024251033086329699 0 0.299999999999999989 0.100000000000000006
connection 45 49 0.624722688366091461 0 0.299999999999999989 0.100000000000000006
connection 48 53 -3.825538664939813316 1 0.299999999999999989 0.100000000000000006
connection 3 49 0.335753364721313119 0 0.299999999999999989 0.100000000000000006
connection 33 52 -0.523724745726212859 0 0.299999999999999989 0.100000000000000006
connection 51 61 -0.601244867779314518 1 0.299999999999999989 0.100000000000000006
connection 8 51 -0.257878537056967616 0 0.299999999999999989 0.100000000000000006
connection 48 57 -0.108642346109263599 1 0.299999999999999989 0.100000000000000006
connection 25 50 0.388774614970316179 0 0.299999999999999989 0.100000000000000006
connection 30 50 -1.814731361053418368 0 0.299999999999999989 0.100000000000000006
connection 44 49 -0.583563351305201650 0 0.299999999999999989 0.100000000000000006
connection 62 54 0.617888558859704062 0 0.299999999999999989 0.100000000000000006
connection 56 62 0.084203699254430830 0 0.299999999999999989 0.100000000000000006
connection 2 52 1.828442424826789647 0 0.299999999999999989 0.100000000000000006
connection 36 63 -1.900583203765563667 0 0.299999999999999989 0.100000000000000006
connection 63 58 -0.184635205645463429 0 0.299999999999999989 0.100000000000000006
connection 16 64 0.534255542719620280 0 0.299999999999999989 0.100000000000000006
connection 64 61 0.734679232467897236 0 0.299999999999999989 0.100000000000000006
connection 59 58 -0.788683556951582432 0 0.299999999999999989 0.100000000000000006
connection 57 57 0.602409638730023289 1 0.299999999999999989 0.100000000000000006
connection 45 64 0.122002319534658454 0 0.299999999999999989 0.100000000000000006
connection 57 54 -0.772803395753726363 0 0.299999999999999989 0.100000000000000006
connection 31 64 -1.033078174106776714 0 0.299999999999999989 0.100000000000000006
connection 39 65 0.339212924955063500 0 0.299999999999999989 0.100000000000000006
connection 65 57 -0.106436930072959512 0 0.299999999999999989 0.100000000000000006
connection 38 66 0.459201699668483343 0 0.299999999999999989 0.100000000000000006
connection 66 55 -2.132197944214567542 0 0.299999999999999989 0.100000000000000006
connection 60 67 0.177854633075185120 0 0.299999999999999989 0.100000000000000006
connection 67 48 -1.223280316393356770 0 0.299999999999999989 0.100000000000000006
connection 34 65 -0.396363821811974049 0 0.299999999999999989 0.100000000000000006
connection 2 67 -1.046751460758969188 0 0.299999999999999989 0.100000000000000006
connection 48 55 0.717525726533494890 1 0.299999999999999989 0.100000000000000006
connection 32 68 -0.981433488297625445 0 0.299999999999999989 0.100000000000000006
connection 68 54 -0.959917440195567906 0 0.299999999999999989 0.100000000000000006
connection 66 67 0.798309018369764090 0 0.299999999999999989 0.100000000000000006
connection 28 64 -0.286425831029191613 0 0.299999999999999989 0.100000000000000006
connection 34 68 -0.349479166470700875 0 0.299999999999999989 0.100000000000000006
connection 33 68 -0.356503013521432877 0 0.299999999999999989 0.100000000000000006
connection 33 63 -0.699935068412742112 0 0.299999999999999989 0.100000000000000006
connection 20 67 0.304619421600364149 0 0.299999999999999989 0.100000000000000006
connection 46 52 0.940759345961851068 0 0.299999999999999989 0.100000000000000006
connection 0 66 0.929889268940314651 0 0.299999999999999989 0.100000000000000006
connection 39 66 -0.413027229020372033 0 0.299999999999999989 0.100000000000000006
connection 8 65 0.017584728135261685 0 0.299999999999999989 0.100000000000000006
connection 49 53 0.529313728504348546 1 0.299999999999999989 0.100000000000000006
connection 10 69 -2.007452774909324944 0 0.299999999999999989 0.100000000000000006
connection 69 61 -0.859220222369913245 0 0.299999999999999989 0.100000000000000006
connection 46 70 -1.763312065348145552 0 0.299999999999999989 0.100000000000000006
connection 70 55 -0.358065470303699840 0 0.299999999999999989 0.100000000000000006
connection 25 71 -0.946648819401161745 0 0.299999999999999989 0.100000000000000006
connection 71 55 0.354364705039188266 0 0.299999999999999989 0.100000000000000006
connection 8 49 0.561908440664410591 0 0.299999999999999989 0.100000000000000006
connection 53 54 0.320567260629104567 0 0.299999999999999989 0.100000000000000006
connection 26 72 0.754544408137007849 0 0.299999999999999989 0.100000000000000006
connection 72 58 1.460380384698510170 0 0.299999999999999989 0.100000000000000006
connection 72 49 0.697634953947272152 0 0.299999999999999989 0.100000000000000006
connection 10 66 -2.242236855527153239 0 0.299999999999999989 0.100000000000000006
connection 72 50 -0.085142827942036092 0 0.299999999999999989 0.100000000000000006
connection 32 66 0.810380507085938007 0 0.299999999999999989 0.100000000000000006
connection 58 72 -0.021917792502790689 1 0.299999999999999989 0.100000000000000006
connection 60 66 -1.062415481545031071 1 0.299999999999999989 0.100000000000000006
connection 41 65 -0.343639549886574969 0 0.299999999999999989 0.100000000000000006
connection 54 71 0.785113338497467339 1 0.299999999999999989 0.100000000000000006
connection 44 48 -2.914057618038896180 0 0.299999999999999989 0.100000000000000006
connection 48 68 0.025752409826964140 1 0.299999999999999989 0.100000000000000006
connection 16 68 0.228749434827477671 0 0.299999999999999989 0.100000000000000006
connection 66 53 0.690452610200736672 0 0.299999999999999989 0.100000000000000006
connection 2 73 -0.755126861389726400 0 0.299999999999999989 0.100000000000000006
connection 73 57 0.157229902615654282 0 0.299999999999999989 0.100000000000000006
connection 70 54 0.664237998891621828 0 0.299999999999999989 0.100000000000000006
connection 55 64 0.338586365338414907 1 0.299999999999999989 0.100000000000000006
connection 27 74 2.349356541875749826 0 0.299999999999999989 0.100000000000000006
connection 74 56 -0.954225074150599539 0 0.299999999999999989 0.100000000000000006
connection 21 67 1.100090423715300858 0 0.299999999999999989 0.100000000000000006
connection 49 74 0.123241016408428550 1 0.299999999999999989 0.100000000000000006
connection 43 74 -0.159369503729976714 0 0.299999999999999989 0.100000000000000006
connection 2 66 -0.154797591734677553 0 0.299999999999999989 0.100000000000000006
connection 57 75 -0.328505111858248711 0 0.299999999999999989 0.100000000000000006
connection 75 50 0.281136963283643126 0 0.299999999999999989 0.100000000000000006
connection 11 76 -0.146159871481359005 0 0.299999999999999989 0.100000000000000006
connection 76 59 0.139145449618808925 0 0.299999999999999989 0.100000000000000006
connection 7 77 -0.075684305978938937 0 0.299999999999999989 0.100000000000000006
connection 77 59 -0.462716529844328761 0 0.299999999999999989 0.100000000000000006
connection 76 69 -1.077429278753697872 0 0.299999999999999989 0.100000000000000006
connection 17 78 0.275752079556696117 0 0.299999999999999989 0.100000000000000006
connection 78 56 -0.053669416112825274 0 0.299999999999999989 0.100000000000000006
connection 71 68 0.280438366753514856 0 0.299999999999999989 0.100000000000000006
connection 74 63 0.205683731473982334 0 0.299999999999999989 0.100000000000000006
connection 24 79 0.457396321697160602 0 0.299999999999999989 0.100000000000000006
connection 79 54 -0.588460545724956319 0 0.299999999999999989 0.100000000000000006
connection 2 80 -0.170129402074962854 0 0.299999999999999989 0.100000000000000006
connection 80 61 -0.499151371303014457 0 0.299999999999999989 0.100000000000000006
connection 39 81 0.380318424780853093 0 0.299999999999999989 0.100000000000000006
connection 81 60 0.363061303854919970 0 0.299999999999999989 0.100000000000000006
connection 7 82 0.167818855727091432 0 0.299999999999999989 0.100000000000000006
connection 82 55 -0.092352309613488615 0 0.299999999999999989 0.100000000000000006
connection 21 83 0.154111000709235668 0 0.299999999999999989 0.100000000000000006
connection 83 58 0.201853162841871381 0 0.299999999999999989 0.100000000000000006
connection 59 84 0.693951469846069813 0 0.299999999999999989 0.100000000000000006
connection 84 49 -0.797389704443048686 0 0.299999999999999989 0.100000000000000006
connection 48 69 -0.220788911217823625 1 0.299999999999999989 0.100000000000000006
connection 82 74 -0.504331852309405804 0 0.299999999999999989 0.100000000000000006
connection 36 77 -0.074736210983246565 0 0.299999999999999989 0.100000000000000006
connection 31 85 0.083633972564712167 0 0.299999999999999989 0.100000000000000006
connection 85 62 0.265200073074083775 0 0.299999999999999989 0.100000000000000006
connection 36 86 0.019821936148218811 0 0.299999999999999989 0.100000000000000006
connection 86 55 -0.776327570085413754 0 0.299999999999999989 0.100000000000000006
connection 8 87 0.551653144182637334 0 0.299999999999999989 0.100000000000000006
connection 87 71 0.378059925380512141 0 0.299999999999999989 0.100000000000000006
NNend

