NNstart
48 5
neuron 1 0.000000000000000000 0.000000000000000000 0.000000000000000000 0.000000000000000000 1 0.000000000000000000
neuron 1 0.000000000000000000 0.000000000000000000 0.000000000000000000 0.000000000000000000 1 0.000000000000000000
neuron 1 0.000000000000000000 0.000000000000000000 0.000000000000000000 0.000000000000000000 1 0.000000000000000000
neuron 1 0.000000000000000000 0.000000000000000000 0.000000000000000000 0.000000000000000000 1 0.000000000000000000
neuron 1 0.000000000000000000 0.000000000000000000 0.000000000000000000 0.000000000000000000 1 0.000000000000000000
neuron 1 0.000000000000000000 0.000000000000000000 0.000000000000000000 0.000000000000000000 1 0.000000000000000000
neuron 1 0.000000000000000000 0.000000000000000000 0.000000000000000000 0.000000000000000000 1 0.000000000000000000
neuron 1 0.000000000000000000 0.000000000000000000 0.000000000000000000 0.000000000000000000 1 0.000000000000000000
neuron 1 0.000000000000000000 0.000000000000000000 0.000000000000000000 0.000000000000000000 1 0.000000000000000000
neuron 1 0.000000000000000000 0.000000000000000000 0.000000000000000000 0.000000000000000000 1 0.000000000000000000
neuron 1 0.000000000000000000 0.000000000000000000 0.000000000000000000 0.000000000000000000 1 0.000000000000000000
neuron 1 0.000000000000000000 0.000000000000000000 0.000000000000000000 0.000000000000000000 1 0.000000000000000000
neuron 1 0.000000000000000000 0.000000000000000000 0.000000000000000000 0.000000000000000000 1 0.000000000000000000
neuron 1 0.000000000000000000 0.000000000000000000 0.000000000000000000 0.000000000000000000 1 0.000000000000000000
neuron 1 0.000000000000000000 0.000000000000000000 0.000000000000000000 0.000000000000000000 1 0.000000000000000000
neuron 1 0.000000000000000000 0.000000000000000000 0.000000000000000000 0.000000000000000000 1 0.000000000000000000
neuron 1 0.000000000000000000 0.000000000000000000 0.000000000000000000 0.000000000000000000 1 0.000000000000000000
neuron 1 0.000000000000000000 0.000000000000000000 0.000000000000000000 0.000000000000000000 1 0.000000000000000000
neuron 1 0.000000000000000000 0.000000000000000000 0.000000000000000000 0.000000000000000000 1 0.000000000000000000
neuron 1 0.000000000000000000 0.000000000000000000 0.000000000000000000 0.000000000000000000 1 0.000000000000000000
neuron 1 0.000000000000000000 0.000000000000000000 0.000000000000000000 0.000000000000000000 1 0.000000000000000000
neuron 1 0.000000000000000000 0.000000000000000000 0.000000000000000000 0.000000000000000000 1 0.000000000000000000
neuron 1 0.000000000000000000 0.000000000000000000 0.000000000000000000 0.000000000000000000 1 0.000000000000000000
neuron 1 0.000000000000000000 0.000000000000000000 0.000000000000000000 0.000000000000000000 1 0.000000000000000000
neuron 1 0.000000000000000000 0.000000000000000000 0.000000000000000000 0.000000000000000000 1 0.000000000000000000
neuron 1 0.000000000000000000 0.000000000000000000 0.000000000000000000 0.000000000000000000 1 0.000000000000000000
neuron 1 0.000000000000000000 0.000000000000000000 0.000000000000000000 0.000000000000000000 1 0.000000000000000000
neuron 1 0.000000000000000000 0.000000000000000000 0.000000000000000000 0.000000000000000000 1 0.000000000000000000
neuron 1 0.000000000000000000 0.000000000000000000 0.000000000000000000 0.000000000000000000 1 0.000000000000000000
neuron 1 0.000000000000000000 0.000000000000000000 0.000000000000000000 0.000000000000000000 1 0.000000000000000000
neuron 1 0.000000000000000000 0.000000000000000000 0.000000000000000000 0.000000000000000000 1 0.000000000000000000
neuron 1 0.000000000000000000 0.000000000000000000 0.000000000000000000 0.000000000000000000 1 0.000000000000000000
neuron 1 0.000000000000000000 0.000000000000000000 0.000000000000000000 0.000000000000000000 1 0.000000000000000000
neuron 1 0.000000000000000000 0.000000000000000000 0.000000000000000000 0.000000000000000000 1 0.000000000000000000
neuron 1 0.000000000000000000 0.000000000000000000 0.000000000000000000 0.000000000000000000 1 0.000000000000000000
neuron 1 0.000000000000000000 0.000000000000000000 0.000000000000000000 0.000000000000000000 1 0.000000000000000000
neuron 1 0.000000000000000000 0.000000000000000000 0.000000000000000000 0.000000000000000000 1 0.000000000000000000
neuron 1 0.000000000000000000 0.000000000000000000 0.000000000000000000 0.000000000000000000 1 0.000000000000000000
neuron 1 0.000000000000000000 0.000000000000000000 0.000000000000000000 0.000000000000000000 1 0.000000000000000000
neuron 1 0.000000000000000000 0.000000000000000000 0.000000000000000000 0.000000000000000000 1 0.000000000000000000
neuron 1 0.000000000000000000 0.000000000000000000 0.000000000000000000 0.000000000000000000 1 0.000000000000000000
neuron 1 0.000000000000000000 0.000000000000000000 0.000000000000000000 0.000000000000000000 1 0.000000000000000000
neuron 1 0.000000000000000000 0.000000000000000000 0.000000000000000000 0.000000000000000000 1 0.000000000000000000
neuron 1 0.000000000000000000 0.000000000000000000 0.000000000000000000 0.000000000000000000 1 0.000000000000000000
neuron 1 0.000000000000000000 0.000000000000000000 0.000000000000000000 0.000000000000000000 1 0.000000000000000000
neuron 1 0.000000000000000000 0.000000000000000000 0.000000000000000000 0.000000000000000000 1 0.000000000000000000
neuron 1 0.000000000000000000 0.000000000000000000 0.000000000000000000 0.000000000000000000 1 0.000000000000000000
neuron 2 0.000000000000000000 0.000000000000000000 0.000000000000000000 0.000000000000000000 1 0.000000000000000000
neuron 4 1.000000000000000000 0.000000000000000000 0.000000000000000000 0.000000000000000000 1 1.000000000000000000
neuron 4 1.000000000000000000 0.000000000000000000 0.000000000000000000 0.000000000000000000 1 1.000000000000000000
neuron 4 1.000000000000000000 0.000000000000000000 0.000000000000000000 0.000000000000000000 1 1.000000000000000000
neuron 4 1.000000000000000000 0.000000000000000000 0.000000000000000000 0.000000000000000000 1 1.000000000000000000
neuron 4 1.000000000000000000 0.000000000000000000 0.000000000000000000 0.000000000000000000 1 1.000000000000000000
neuron 3 1.000000000000000000 0.000000000000000000 0.000000000000000000 0.000000000000000000 1 0.500000000000000000
neuron 3 1.000000000000000000 0.000000000000000000 0.000000000000000000 0.000000000000000000 1 0.500000000000000000
neuron 3 1.000000000000000000 0.000000000000000000 0.000000000000000000 0.000000000000000000 1 0.500000000000000000
neuron 3 1.000000000000000000 0.000000000000000000 0.000000000000000000 0.000000000000000000 1 0.500000000000000000
neuron 3 1.000000000000000000 0.000000000000000000 0.000000000000000000 0.000000000000000000 1 0.500000000000000000
neuron 3 1.000000000000000000 0.000000000000000000 0.000000000000000000 0.000000000000000000 1 0.500000000000000000
neuron 3 1.000000000000000000 0.000000000000000000 0.000000000000000000 0.000000000000000000 1 0.500000000000000000
neuron 3 1.000000000000000000 0.000000000000000000 0.000000000000000000 0.000000000000000000 1 0.500000000000000000
neuron 3 1.000000000000000000 0.000000000000000000 0.000000000000000000 0.000000000000000000 4 0.500000000000000000
neuron 3 1.000000000000000000 0.000000000000000000 0.000000000000000000 0.000000000000000000 1 0.500000000000000000
neuron 3 1.000000000000000000 0.000000000000000000 0.000000000000000000 0.000000000000000000 1 0.750000000000000000
neuron 3 1.000000000000000000 0.000000000000000000 0.000000000000000000 0.000000000000000000 1 0.250000000000000000
neuron 3 1.000000000000000000 0.000000000000000000 0.000000000000000000 0.000000000000000000 1 0.250000000000000000
neuron 3 1.000000000000000000 0.000000000000000000 0.000000000000000000 0.000000000000000000 1 0.250000000000000000
neuron 3 1.000000000000000000 0.000000000000000000 0.000000000000000000 0.000000000000000000 1 0.250000000000000000
neuron 3 1.000000000000000000 0.000000000000000000 0.000000000000000000 0.000000000000000000 1 0.250000000000000000
neuron 3 1.000000000000000000 0.000000000000000000 0.000000000000000000 0.000000000000000000 1 0.250000000000000000
neuron 3 1.000000000000000000 0.000000000000000000 0.000000000000000000 0.000000000000000000 1 0.250000000000000000
neuron 3 1.000000000000000000 0.000000000000000000 0.000000000000000000 0.000000000000000000 1 0.250000000000000000
neuron 3 1.000000000000000000 0.000000000000000000 0.000000000000000000 0.000000000000000000 1 0.250000000000000000
neuron 3 1.000000000000000000 0.000000000000000000 0.000000000000000000 0.000000000000000000 1 0.250000000000000000
neuron 3 1.000000000000000000 0.000000000000000000 0.000000000000000000 0.000000000000000000 1 0.500000000000000000
neuron 3 1.000000000000000000 0.000000000000000000 0.000000000000000000 0.000000000000000000 1 0.250000000000000000
neuron 3 1.000000000000000000 0.000000000000000000 0.000000000000000000 0.000000000000000000 1 0.750000000000000000
neuron 3 1.000000000000000000 0.000000000000000000 0.000000000000000000 0.000000000000000000 4 0.625000000000000000
neuron 3 1.000000000000000000 0.000000000000000000 0.000000000000000000 0.000000000000000000 4 0.250000000000000000
neuron 3 1.000000000000000000 0.000000000000000000 0.000000000000000000 0.000000000000000000 4 0.250000000000000000
connection 0 53 1.722862517694011331 0 0.299999999999999989 0.100000000000000006
connection 1 53 0.233746423240518197 0 0.299999999999999989 0.100000000000000006
connection 3 53 1.088950527715496719 0 0.299999999999999989 0.100000000000000006
connection 4 53 -0.927020255978277419 0 0.299999999999999989 0.100000000000000006
connection 5 53 -0.589922703089541756 0 0.299999999999999989 0.100000000000000006
connection 6 53 -1.702940905524883419 0 0.299999999999999989 0.100000000000000006
connection 7 53 2.223364249235601164 0 0.299999999999999989 0.100000000000000006
connection 8 53 -4.050768992936355062 0 0.299999999999999989 0.100000000000000006
connection 9 53 1.203816217370331287 0 0.299999999999999989 0.100000000000000006
connection 10 53 0.345208201790228486 0 0.299999999999999989 0.100000000000000006
connection 11 53 0.050647944095544517 0 0.299999999999999989 0.100000000000000006
connection 12 53 1.396946581837255508 0 0.299999999999999989 0.100000000000000006
connection 13 53 1.469182524539064616 0 0.299999999999999989 0.100000000000000006
connection 14 53 0.161584893940016627 0 0.299999999999999989 0.100000000000000006
connection 15 53 1.190368941519409418 0 0.299999999999999989 0.100000000000000006
connection 16 53 0.355899761438195128 0 0.299999999999999989 0.100000000000000006
connection 17 53 -1.853915476996917278 0 0.299999999999999989 0.100000000000000006
connection 18 53 0.813789790205191821 0 0.299999999999999989 0.100000000000000006
connection 19 53 -1.547489036922343075 0 0.299999999999999989 0.100000000000000006
connection 21 53 -1.217600442745606415 0 0.299999999999999989 0.100000000000000006
connection 22 53 0.594120671725249849 0 0.299999999999999989 0.100000000000000006
connection 23 53 -0.455075625795871019 0 0.299999999999999989 0.100000000000000006
connection 24 53 -4.152868873585248366 0 0.299999999999999989 0.100000000000000006
connection 25 53 -4.504217926965793595 0 0.299999999999999989 0.100000000000000006
connection 26 53 0.127345059503568336 0 0.299999999999999989 0.100000000000000006
connection 27 53 -2.015678371128160506 0 0.299999999999999989 0.100000000000000006
connection 28 53 -0.603899456036742777 0 0.299999999999999989 0.100000000000000006
connection 29 53 -2.075543022889178246 0 0.299999999999999989 0.100000000000000006
connection 30 53 -4.309666818982805125 0 0.299999999999999989 0.100000000000000006
connection 31 53 -0.796581951020925771 0 0.299999999999999989 0.100000000000000006
connection 32 53 1.311274273262824863 0 0.299999999999999989 0.100000000000000006
connection 33 53 0.751548852422274649 0 0.299999999999999989 0.100000000000000006
connection 34 53 -2.609686534036882222 0 0.299999999999999989 0.100000000000000006
connection 35 53 -1.130300577555317432 0 0.299999999999999989 0.100000000000000006
connection 36 53 -1.167580887296935543 0 0.299999999999999989 0.100000000000000006
connection 37 53 0.897896809387020767 0 0.299999999999999989 0.100000000000000006
connection 38 53 0.094017811759840697 0 0.299999999999999989 0.100000000000000006
connection 39 53 1.423172461858484894 0 0.299999999999999989 0.100000000000000006
connection 40 53 0.655188161355908960 0 0.299999999999999989 0.100000000000000006
connection 41 53 -0.956872004258912057 0 0.299999999999999989 0.100000000000000006
connection 42 53 0.180558175372425467 0 0.299999999999999989 0.100000000000000006
connection 43 53 -1.124573959154076874 0 0.299999999999999989 0.100000000000000006
connection 44 53 -2.806550593493739143 0 0.299999999999999989 0.100000000000000006
connection 45 53 -0.084251308871898800 0 0.299999999999999989 0.100000000000000006
connection 46 53 -0.474125266191549599 0 0.299999999999999989 0.100000000000000006
connection 47 53 0.899428162461845204 0 0.299999999999999989 0.100000000000000006
connection 0 54 -0.016599685070104897 0 0.299999999999999989 0.100000000000000006
connection 1 54 -2.307979684119345620 0 0.299999999999999989 0.100000000000000006
connection 2 54 2.096757134815561585 0 0.299999999999999989 0.100000000000000006
connection 3 54 -0.071322706615319476 0 0.299999999999999989 0.100000000000000006
connection 4 54 0.330559804744552821 0 0.299999999999999989 0.100000000000000006
connection 5 54 2.977297465025912970 0 0.299999999999999989 0.100000000000000006
connection 6 54 0.369942924415227026 0 0.299999999999999989 0.100000000000000006
connection 8 54 -1.961083943548146635 0 0.299999999999999989 0.100000000000000006
connection 9 54 -1.396256043575704098 0 0.299999999999999989 0.100000000000000006
connection 10 54 0.153343941667117178 0 0.299999999999999989 0.100000000000000006
connection 12 54 1.568478832661639899 0 0.299999999999999989 0.100000000000000006
connection 13 54 1.488538284087553620 0 0.299999999999999989 0.100000000000000006
connection 14 54 -0.604737009853124619 0 0.299999999999999989 0.100000000000000006
connection 15 54 0.694011563959065825 0 0.299999999999999989 0.100000000000000006
connection 16 54 1.474669045273913071 0 0.299999999999999989 0.100000000000000006
connection 17 54 -0.390362349246061058 0 0.299999999999999989 0.100000000000000006
connection 18 54 -1.930878606915939599 0 0.299999999999999989 0.100000000000000006
connection 19 54 -2.118382093030959368 0 0.299999999999999989 0.100000000000000006
connection 20 54 -0.164065111544914544 0 0.299999999999999989 0.100000000000000006
connection 21 54 0.167140333127463236 0 0.299999999999999989 0.100000000000000006
connection 22 54 3.264093594858422875 0 0.299999999999999989 0.100000000000000006
connection 23 54 -2.636344049009494483 0 0.299999999999999989 0.100000000000000006
connection 24 54 1.365653611719608307 0 0.299999999999999989 0.100000000000000006
connection 25 54 -0.327912638022098690 0 0.299999999999999989 0.100000000000000006
connection 26 54 0.323870472435373813 0 0.299999999999999989 0.100000000000000006
connection 27 54 2.870890564052388072 0 0.299999999999999989 0.100000000000000006
connection 28 54 -0.919475798204075545 0 0.299999999999999989 0.100000000000000006
connection 29 54 4.929112420126330107 0 0.299999999999999989 0.100000000000000006
connection 30 54 -2.024558538978453726 0 0.299999999999999989 0.100000000000000006
connection 31 54 0.773849897403025011 0 0.299999999999999989 0.100000000000000006
connection 32 54 -0.988386877696029842 0 0.299999999999999989 0.100000000000000006
connection 33 54 0.065636675222776830 0 0.299999999999999989 0.100000000000000006
connection 34 54 -0.076288984098937362 0 0.299999999999999989 0.100000000000000006
connection 35 54 -0.441155525913927704 0 0.299999999999999989 0.100000000000000006
connection 36 54 -1.843529164907522500 0 0.299999999999999989 0.100000000000000006
connection 37 54 -1.524393846833845600 0 0.299999999999999989 0.100000000000000006
connection 38 54 0.629827028140425682 0 0.299999999999999989 0.100000000000000006
connection 39 54 3.992399749593460001 0 0.299999999999999989 0.100000000000000006
connection 40 54 1.693125571240670979 0 0.299999999999999989 0.100000000000000006
connection 41 54 1.066805420559830964 0 0.299999999999999989 0.100000000000000006
connection 42 54 0.566433733736630529 0 0.299999999999999989 0.100000000000000006
connection 43 54 4.781506710860412568 0 0.299999999999999989 0.100000000000000006
connection 46 54 -0.839623864856548607 0 0.299999999999999989 0.100000000000000006
connection 47 54 -1.698795965232420713 0 0.299999999999999989 0.100000000000000006
connection 0 55 3.698890801460947841 0 0.299999999999999989 0.100000000000000006
connection 1 55 -0.466412199530168436 0 0.299999999999999989 0.100000000000000006
connection 2 55 1.525699340476421639 0 0.299999999999999989 0.100000000000000006
connection 3 55 1.302334175794385374 0 0.299999999999999989 0.100000000000000006
connection 4 55 -1.671817033027764410 0 0.299999999999999989 0.100000000000000006
connection 5 55 0.616229119143099524 0 0.299999999999999989 0.100000000000000006
connection 6 55 -1.651682824885938317 0 0.299999999999999989 0.100000000000000006
connection 7 55 -1.045892786030890420 0 0.299999999999999989 0.100000000000000006
connection 8 55 2.917776822810992599 0 0.299999999999999989 0.100000000000000006
connection 9 55 -3.270204103202559054 0 0.299999999999999989 0.100000000000000006
connection 10 55 -0.746415496279951185 0 0.299999999999999989 0.100000000000000006
connection 12 55 -0.469289390661288053 0 0.299999999999999989 0.100000000000000006
connection 13 55 -1.455078484897967428 0 0.299999999999999989 0.100000000000000006
connection 14 55 -1.205298227549064904 0 0.299999999999999989 0.100000000000000006
connection 15 55 0.160448368755169213 0 0.299999999999999989 0.100000000000000006
connection 16 55 -1.063634888618253171 0 0.299999999999999989 0.100000000000000006
connection 17 55 0.040081127313897014 0 0.299999999999999989 0.100000000000000006
connection 18 55 -2.712078327836934477 0 0.299999999999999989 0.100000000000000006
connection 19 55 -1.305089223780669272 0 0.299999999999999989 0.100000000000000006
connection 20 55 0.180269889999181032 0 0.299999999999999989 0.100000000000000006
connection 21 55 -0.818451806553639472 0 0.299999999999999989 0.100000000000000006
connection 22 55 0.818642421538243070 0 0.299999999999999989 0.100000000000000006
connection 23 55 0.449673585608252324 0 0.299999999999999989 0.100000000000000006
connection 24 55 0.129965771862771362 0 0.299999999999999989 0.100000000000000006
connection 25 55 1.552823803445789963 0 0.299999999999999989 0.100000000000000006
connection 27 55 -1.095661485393065959 0 0.299999999999999989 0.100000000000000006
connection 28 55 1.863987180870026350 0 0.299999999999999989 0.100000000000000006
connection 29 55 0.223095181456301361 0 0.299999999999999989 0.100000000000000006
connection 30 55 -0.122197675213101320 0 0.299999999999999989 0.100000000000000006
connection 31 55 1.731955843773903325 0 0.299999999999999989 0.100000000000000006
connection 32 55 -2.815065542177762836 0 0.299999999999999989 0.100000000000000006
connection 33 55 -0.371715065906755626 0 0.299999999999999989 0.100000000000000006
connection 34 55 -1.773775484762154520 0 0.299999999999999989 0.100000000000000006
connection 35 55 1.001183779135317309 0 0.299999999999999989 0.100000000000000006
connection 36 55 1.022215216245967895 0 0.299999999999999989 0.100000000000000006
connection 37 55 0.084348109754500911 0 0.299999999999999989 0.100000000000000006
connection 38 55 0.546715639880858362 0 0.299999999999999989 0.100000000000000006
connection 39 55 -1.686672901909332722 0 0.299999999999999989 0.100000000000000006
connection 40 55 2.190768501488491893 0 0.299999999999999989 0.100000000000000006
connection 41 55 0.801885580294765532 0 0.299999999999999989 0.100000000000000006
connection 42 55 0.373513172438833863 0 0.299999999999999989 0.100000000000000006
connection 43 55 1.451797624817118049 0 0.299999999999999989 0.100000000000000006
connection 44 55 0.230948172276839614 0 0.299999999999999989 0.100000000000000006
connection 45 55 -2.768292940512765199 0 0.299999999999999989 0.100000000000000006
connection 46 55 -1.450748189410660416 0 0.299999999999999989 0.100000000000000006
connection 47 55 2.405944101163186133 0 0.299999999999999989 0.100000000000000006
connection 0 56 -0.753194520628312603 0 0.299999999999999989 0.100000000000000006
connection 1 56 0.645981215251595131 0 0.299999999999999989 0.100000000000000006
connection 2 56 0.103465492778923362 0 0.299999999999999989 0.100000000000000006
connection 3 56 -0.181017477414570749 0 0.299999999999999989 0.100000000000000006
connection 4 56 -0.749089682940393686 0 0.299999999999999989 0.100000000000000006
connection 5 56 3.699221002301783301 0 0.299999999999999989 0.100000000000000006
connection 6 56 -0.140005004184786230 0 0.299999999999999989 0.100000000000000006
connection 7 56 -1.664172183955088258 0 0.299999999999999989 0.100000000000000006
connection 8 56 1.358899578626733273 0 0.299999999999999989 0.100000000000000006
connection 9 56 -0.159505409479606897 0 0.299999999999999989 0.100000000000000006
connection 10 56 -0.001088570978026837 0 0.299999999999999989 0.100000000000000006
connection 11 56 -0.430556159786647186 0 0.299999999999999989 0.100000000000000006
connection 13 56 1.797616434923838824 0 0.299999999999999989 0.100000000000000006
connection 14 56 -5.917297642197809182 0 0.299999999999999989 0.100000000000000006
connection 15 56 -4.652250413433648646 0 0.299999999999999989 0.100000000000000006
connection 16 56 0.412676262007153127 0 0.299999999999999989 0.100000000000000006
connection 17 56 1.091599104227498174 0 0.299999999999999989 0.100000000000000006
connection 18 56 -1.477313590759877115 0 0.299999999999999989 0.100000000000000006
connection 19 56 -1.606659230079458212 0 0.299999999999999989 0.100000000000000006
connection 20 56 0.466065018728841096 0 0.299999999999999989 0.100000000000000006
connection 21 56 0.750152362277731299 0 0.299999999999999989 0.100000000000000006
connection 22 56 -1.088787680841051042 0 0.299999999999999989 0.100000000000000006
connection 23 56 -1.657218866108451039 0 0.299999999999999989 0.100000000000000006
connection 24 56 -0.610881801985669881 0 0.299999999999999989 0.100000000000000006
connection 25 56 0.468389443762134761 0 0.299999999999999989 0.100000000000000006
connection 26 56 1.197850699070841074 0 0.299999999999999989 0.100000000000000006
connection 27 56 -0.199572730110958219 0 0.299999999999999989 0.100000000000000006
connection 28 56 0.730446190864313394 0 0.299999999999999989 0.100000000000000006
connection 29 56 1.230044849246041849 0 0.299999999999999989 0.100000000000000006
connection 30 56 0.438391942399903201 0 0.299999999999999989 0.100000000000000006
connection 31 56 0.038191361934877932 0 0.299999999999999989 0.100000000000000006
connection 32 56 -0.013567523768870160 0 0.299999999999999989 0.100000000000000006
connection 33 56 2.873402083117980510 0 0.299999999999999989 0.100000000000000006
connection 34 56 0.360246785974595696 0 0.299999999999999989 0.100000000000000006
connection 35 56 2.377249977202154696 0 0.299999999999999989 0.100000000000000006
connection 36 56 -0.272045127581804991 0 0.299999999999999989 0.100000000000000006
connection 37 56 -1.587385417369659990 0 0.299999999999999989 0.100000000000000006
connection 38 56 1.543422352755442262 0 0.299999999999999989 0.100000000000000006
connection 39 56 0.769278866762761027 0 0.299999999999999989 0.100000000000000006
connection 40 56 -1.096621103875804693 0 0.299999999999999989 0.100000000000000006
connection 41 56 1.090224420870072208 0 0.299999999999999989 0.100000000000000006
connection 42 56 1.104568779468536377 0 0.299999999999999989 0.100000000000000006
connection 43 56 1.718071129929739982 0 0.299999999999999989 0.100000000000000006
connection 44 56 -0.342151718039531261 0 0.299999999999999989 0.100000000000000006
connection 45 56 0.786864194960799068 0 0.299999999999999989 0.100000000000000006
connection 46 56 0.808660966897150502 0 0.299999999999999989 0.100000000000000006
connection 47 56 1.465898833295796067 0 0.299999999999999989 0.100000000000000006
connection 1 57 1.944019733171444386 0 0.299999999999999989 0.100000000000000006
connection 2 57 -0.079670864433865063 0 0.299999999999999989 0.100000000000000006
connection 4 57 1.555002746928948909 0 0.299999999999999989 0.100000000000000006
connection 5 57 0.243062069232109934 0 0.299999999999999989 0.100000000000000006
connection 6 57 -1.183092725666938350 0 0.299999999999999989 0.100000000000000006
connection 7 57 -1.024970868020318449 0 0.299999999999999989 0.100000000000000006
connection 8 57 -1.179370066354749724 0 0.299999999999999989 0.100000000000000006
connection 9 57 -3.879675012518418953 0 0.299999999999999989 0.100000000000000006
connection 10 57 -0.098989315098151565 0 0.299999999999999989 0.100000000000000006
connection 12 57 -1.651104220189154148 0 0.299999999999999989 0.100000000000000006
connection 13 57 -2.269792231090832502 0 0.299999999999999989 0.100000000000000006
connection 14 57 -0.687713674909900874 0 0.299999999999999989 0.100000000000000006
connection 15 57 -3.293139068002346903 0 0.299999999999999989 0.100000000000000006
connection 16 57 -1.048054557526484132 0 0.299999999999999989 0.100000000000000006
connection 17 57 -1.210885331500321627 0 0.299999999999999989 0.100000000000000006
connection 18 57 1.449000680328026647 0 0.299999999999999989 0.100000000000000006
connection 19 57 -0.584933193051256239 0 0.299999999999999989 0.100000000000000006
connection 20 57 -1.453680664126295596 0 0.299999999999999989 0.100000000000000006
connection 21 57 1.093041260319296271 0 0.299999999999999989 0.100000000000000006
connection 22 57 -1.618318029912188649 0 0.299999999999999989 0.100000000000000006
connection 23 57 -0.259124769479967654 0 0.299999999999999989 0.100000000000000006
connection 24 57 0.278523398912511766 0 0.299999999999999989 0.100000000000000006
connection 25 57 0.597455309587530792 0 0.299999999999999989 0.100000000000000006
connection 27 57 -0.815951917204074562 0 0.299999999999999989 0.100000000000000006
connection 28 57 -0.030270260060206056 0 0.299999999999999989 0.100000000000000006
connection 29 57 -1.464587936643511057 0 0.299999999999999989 0.100000000000000006
connection 30 57 -1.905871609138557687 0 0.299999999999999989 0.100000000000000006
connection 31 57 1.772051266103517264 0 0.299999999999999989 0.100000000000000006
connection 32 57 1.276241329847835004 0 0.299999999999999989 0.100000000000000006
connection 33 57 2.955656122823711485 0 0.299999999999999989 0.100000000000000006
connection 34 57 1.170913108508102596 0 0.299999999999999989 0.100000000000000006
connection 35 57 0.788860051892697811 0 0.299999999999999989 0.100000000000000006
connection 36 57 1.988329464918933809 0 0.299999999999999989 0.100000000000000006
connection 37 57 -2.015976103604771197 0 0.299999999999999989 0.100000000000000006
connection 38 57 0.270575348811689764 0 0.299999999999999989 0.100000000000000006
connection 39 57 1.369671529973857105 0 0.299999999999999989 0.100000000000000006
connection 40 57 -0.257699518464505672 0 0.299999999999999989 0.100000000000000006
connection 41 57 -0.113476546044694260 0 0.299999999999999989 0.100000000000000006
connection 42 57 -0.969062726901029237 0 0.299999999999999989 0.100000000000000006
connection 43 57 -0.606193978048395365 0 0.299999999999999989 0.100000000000000006
connection 44 57 -0.737007602496305481 0 0.299999999999999989 0.100000000000000006
connection 45 57 0.443891295581124723 0 0.299999999999999989 0.100000000000000006
connection 47 57 -1.357004140736535192 0 0.299999999999999989 0.100000000000000006
connection 0 58 0.797445135365705937 0 0.299999999999999989 0.100000000000000006
connection 1 58 0.579820116574410349 0 0.299999999999999989 0.100000000000000006
connection 2 58 -1.372970627271570265 0 0.299999999999999989 0.100000000000000006
connection 3 58 -0.962923532963031903 0 0.299999999999999989 0.100000000000000006
connection 4 58 -3.368379572988487780 0 0.299999999999999989 0.100000000000000006
connection 5 58 0.921951044409070164 0 0.299999999999999989 0.100000000000000006
connection 6 58 -0.047658114141086116 0 0.299999999999999989 0.100000000000000006
connection 7 58 0.317848189792130142 0 0.299999999999999989 0.100000000000000006
connection 8 58 0.885820062481798232 0 0.299999999999999989 0.100000000000000006
connection 9 58 0.683791418035980314 0 0.299999999999999989 0.100000000000000006
connection 10 58 -2.503261043864767998 0 0.299999999999999989 0.100000000000000006
connection 11 58 -0.481057725206483155 0 0.299999999999999989 0.100000000000000006
connection 12 58 -1.982098778447834775 0 0.299999999999999989 0.100000000000000006
connection 13 58 0.550107170449336991 0 0.299999999999999989 0.100000000000000006
connection 14 58 -5.085179199464619160 0 0.299999999999999989 0.100000000000000006
connection 15 58 0.966293875128030777 0 0.299999999999999989 0.100000000000000006
connection 16 58 -4.554359464920707978 0 0.299999999999999989 0.100000000000000006
connection 17 58 1.046660997380968183 0 0.299999999999999989 0.100000000000000006
connection 18 58 3.347303999005816877 0 0.299999999999999989 0.100000000000000006
connection 19 58 -0.642303265864029527 0 0.299999999999999989 0.100000000000000006
connection 20 58 0.716470288520213217 0 0.299999999999999989 0.100000000000000006
connection 21 58 1.237319112580735236 0 0.299999999999999989 0.100000000000000006
connection 22 58 -1.241110536793712527 0 0.299999999999999989 0.100000000000000006
connection 23 58 -0.330976303725037724 0 0.299999999999999989 0.100000000000000006
connection 24 58 -1.524032035376876593 0 0.299999999999999989 0.100000000000000006
connection 25 58 4.151053974221213139 0 0.299999999999999989 0.100000000000000006
connection 26 58 -0.681111785917892121 0 0.299999999999999989 0.100000000000000006
connection 27 58 -0.876352202787529677 0 0.299999999999999989 0.100000000000000006
connection 28 58 2.511159040459460812 0 0.299999999999999989 0.100000000000000006
connection 29 58 1.367490335484035313 0 0.299999999999999989 0.100000000000000006
connection 30 58 -3.054089332275907509 0 0.299999999999999989 0.100000000000000006
connection 31 58 1.900720577163156122 0 0.299999999999999989 0.100000000000000006
connection 32 58 1.064140435948502272 0 0.299999999999999989 0.100000000000000006
connection 33 58 -0.089278098428621888 0 0.299999999999999989 0.100000000000000006
connection 34 58 0.618689798677223735 0 0.299999999999999989 0.100000000000000006
connection 35 58 -2.262967091926839203 0 0.299999999999999989 0.100000000000000006
connection 36 58 -2.145257807103917003 0 0.299999999999999989 0.100000000000000006
connection 37 58 2.304802330094389617 0 0.299999999999999989 0.100000000000000006
connection 38 58 0.214642005681525916 0 0.299999999999999989 0.100000000000000006
connection 39 58 -1.270745859248563647 0 0.299999999999999989 0.100000000000000006
connection 40 58 -1.430741428499459289 0 0.299999999999999989 0.100000000000000006
connection 41 58 2.098208298790268600 0 0.299999999999999989 0.100000000000000006
connection 42 58 -2.637431193201337010 0 0.299999999999999989 0.100000000000000006
connection 43 58 2.129869322176091373 0 0.299999999999999989 0.100000000000000006
connection 44 58 1.038460959971416742 0 0.299999999999999989 0.100000000000000006
connection 45 58 3.654830460727680475 0 0.299999999999999989 0.100000000000000006
connection 46 58 -2.276871860762184951 0 0.299999999999999989 0.100000000000000006
connection 47 58 0.204352153232321143 0 0.299999999999999989 0.100000000000000006
connection 0 59 2.224371935881208628 0 0.299999999999999989 0.100000000000000006
connection 1 59 2.176042716600932181 0 0.299999999999999989 0.100000000000000006
connection 2 59 -5.395292359899030998 0 0.299999999999999989 0.100000000000000006
connection 3 59 2.128253429313190281 0 0.299999999999999989 0.100000000000000006
connection 4 59 -0.580934161494951695 0 0.299999999999999989 0.100000000000000006
connection 5 59 0.388487616575730499 0 0.299999999999999989 0.100000000000000006
connection 6 59 0.745820302923675627 0 0.299999999999999989 0.100000000000000006
connection 7 59 0.931186754372902215 0 0.299999999999999989 0.100000000000000006
connection 8 59 -1.054137375613208860 0 0.299999999999999989 0.100000000000000006
connection 9 59 0.221188030307530425 0 0.299999999999999989 0.100000000000000006
connection 10 59 2.247644138697069138 0 0.299999999999999989 0.100000000000000006
connection 11 59 1.770596388611011207 0 0.299999999999999989 0.100000000000000006
connection 12 59 -0.296596943109761924 0 0.299999999999999989 0.100000000000000006
connection 13 59 -1.697757129208184779 0 0.299999999999999989 0.100000000000000006
connection 14 59 -0.880332383501809090 0 0.299999999999999989 0.100000000000000006
connection 15 59 2.409292384691070765 0 0.299999999999999989 0.100000000000000006
connection 16 59 -0.825202241889201105 0 0.299999999999999989 0.100000000000000006
connection 17 59 -3.209214205591706559 0 0.299999999999999989 0.100000000000000006
connection 18 59 -0.306841425714083016 0 0.299999999999999989 0.100000000000000006
connection 19 59 0.486715124861802906 0 0.299999999999999989 0.100000000000000006
connection 20 59 1.273552220431156456 0 0.299999999999999989 0.100000000000000006
connection 21 59 0.541522548301145434 0 0.299999999999999989 0.100000000000000006
connection 22 59 0.969137029664125293 0 0.299999999999999989 0.100000000000000006
connection 23 59 2.787196655466686934 0 0.299999999999999989 0.100000000000000006
connection 25 59 -2.589269139025418554 0 0.299999999999999989 0.100000000000000006
connection 26 59 -4.904252781852846965 0 0.299999999999999989 0.100000000000000006
connection 27 59 -1.568215225997846574 0 0.299999999999999989 0.100000000000000006
connection 28 59 0.314153326529776677 0 0.299999999999999989 0.100000000000000006
connection 29 59 1.204846695152809843 0 0.299999999999999989 0.100000000000000006
connection 30 59 -0.038181015988811851 0 0.299999999999999989 0.100000000000000006
connection 31 59 1.976900331326760352 0 0.299999999999999989 0.100000000000000006
connection 32 59 -1.402040123182814568 0 0.299999999999999989 0.100000000000000006
connection 33 59 0.118588666075083893 0 0.299999999999999989 0.100000000000000006
connection 34 59 2.762111178773920983 0 0.299999999999999989 0.100000000000000006
connection 35 59 0.348465947143267840 0 0.299999999999999989 0.100000000000000006
connection 36 59 -2.757572033500764519 0 0.299999999999999989 0.100000000000000006
connection 37 59 0.347494141955394298 0 0.299999999999999989 0.100000000000000006
connection 39 59 -0.562453248363453895 0 0.299999999999999989 0.100000000000000006
connection 40 59 0.328712535032536834 0 0.299999999999999989 0.100000000000000006
connection 41 59 -2.061034844256937504 0 0.299999999999999989 0.100000000000000006
connection 42 59 2.212213778311706847 0 0.299999999999999989 0.100000000000000006
connection 43 59 1.650750488624908030 0 0.299999999999999989 0.100000000000000006
connection 44 59 3.070686158476746641 0 0.299999999999999989 0.100000000000000006
connection 45 59 2.334584890049882233 0 0.299999999999999989 0.100000000000000006
connection 46 59 0.327023609745083377 0 0.299999999999999989 0.100000000000000006
connection 47 59 -0.641015531669836491 0 0.299999999999999989 0.100000000000000006
connection 0 60 -0.020366122829727829 0 0.299999999999999989 0.100000000000000006
connection 1 60 -1.293479505722643808 0 0.299999999999999989 0.100000000000000006
connection 2 60 -1.122311170853208750 0 0.299999999999999989 0.100000000000000006
connection 3 60 0.927177025878336281 0 0.299999999999999989 0.100000000000000006
connection 4 60 0.957329166529234499 0 0.299999999999999989 0.100000000000000006
connection 5 60 -1.545377503556665033 0 0.299999999999999989 0.100000000000000006
connection 6 60 0.545089547871612012 0 0.299999999999999989 0.100000000000000006
connection 7 60 -0.300155122997239232 0 0.299999999999999989 0.100000000000000006
connection 8 60 0.904218421434052289 0 0.299999999999999989 0.100000000000000006
connection 9 60 2.251080919930245727 0 0.299999999999999989 0.100000000000000006
connection 10 60 1.054406969749834388 0 0.299999999999999989 0.100000000000000006
connection 11 60 3.186324487905949354 0 0.299999999999999989 0.100000000000000006
connection 13 60 -4.385015000938437879 0 0.299999999999999989 0.100000000000000006
connection 14 60 0.444917109758534934 0 0.299999999999999989 0.100000000000000006
connection 15 60 -0.009763576206751168 0 0.299999999999999989 0.100000000000000006
connection 16 60 -1.295908966130809858 0 0.299999999999999989 0.100000000000000006
connection 18 60 -1.196150723750179168 0 0.299999999999999989 0.100000000000000006
connection 19 60 2.214445957448333502 0 0.299999999999999989 0.100000000000000006
connection 20 60 1.314282674924470484 0 0.299999999999999989 0.100000000000000006
connection 21 60 0.256800430914154276 0 0.299999999999999989 0.100000000000000006
connection 22 60 0.687578237964771688 0 0.299999999999999989 0.100000000000000006
connection 23 60 -3.418192006240133196 0 0.299999999999999989 0.100000000000000006
connection 24 60 -2.299894566647708416 0 0.299999999999999989 0.100000000000000006
connection 25 60 -5.959826632955810055 0 0.299999999999999989 0.100000000000000006
connection 26 60 0.488605179474689066 0 0.299999999999999989 0.100000000000000006
connection 27 60 -1.800178634177427739 0 0.299999999999999989 0.100000000000000006
connection 28 60 1.159833727870136499 0 0.299999999999999989 0.100000000000000006
connection 29 60 0.065203525882679969 0 0.299999999999999989 0.100000000000000006
connection 30 60 -0.369385304627940059 0 0.299999999999999989 0.100000000000000006
connection 31 60 -0.770536849449854344 0 0.299999999999999989 0.100000000000000006
connection 32 60 -0.990507552749477327 0 0.299999999999999989 0.100000000000000006
connection 33 60 0.585389846994075924 0 0.299999999999999989 0.100000000000000006
connection 34 60 1.994453846302349120 0 0.299999999999999989 0.100000000000000006
connection 35 60 -0.626932288752868772 0 0.299999999999999989 0.100000000000000006
connection 36 60 0.398244223033543676 0 0.299999999999999989 0.100000000000000006
connection 37 60 3.629155194794293493 0 0.299999999999999989 0.100000000000000006
connection 38 60 -0.541725433489773422 0 0.299999999999999989 0.100000000000000006
connection 39 60 2.482243794074747711 0 0.299999999999999989 0.100000000000000006
connection 40 60 -0.822731880412902683 0 0.299999999999999989 0.100000000000000006
connection 41 60 2.278096695779822767 0 0.299999999999999989 0.100000000000000006
connection 42 60 -0.332335187355056405 0 0.299999999999999989 0.100000000000000006
connection 44 60 0.292249395221006125 0 0.299999999999999989 0.100000000000000006
connection 45 60 3.878739273757673800 0 0.299999999999999989 0.100000000000000006
connection 46 60 -0.332534309534821659 0 0.299999999999999989 0.100000000000000006
connection 47 60 2.281672915822127834 0 0.299999999999999989 0.100000000000000006
connection 1 61 -0.178209064586553723 0 0.299999999999999989 0.100000000000000006
connection 2 61 7.725192480720579624 0 0.299999999999999989 0.100000000000000006
connection 3 61 2.282313533069100231 0 0.299999999999999989 0.100000000000000006
connection 4 61 0.243986450921511278 0 0.299999999999999989 0.100000000000000006
connection 5 61 0.180925706576090306 0 0.299999999999999989 0.100000000000000006
connection 6 61 0.738889664877206087 0 0.299999999999999989 0.100000000000000006
connection 7 61 -0.578658280719537288 0 0.299999999999999989 0.100000000000000006
connection 8 61 -1.448724402056541294 0 0.299999999999999989 0.100000000000000006
connection 9 61 -1.156730147078633308 0 0.299999999999999989 0.100000000000000006
connection 10 61 -0.802339038054924458 0 0.299999999999999989 0.100000000000000006
connection 11 61 3.241639841988217086 0 0.299999999999999989 0.100000000000000006
connection 12 61 0.068638589291367680 0 0.299999999999999989 0.100000000000000006
connection 13 61 0.542484415127546526 0 0.299999999999999989 0.100000000000000006
connection 14 61 -1.089409169449936599 0 0.299999999999999989 0.100000000000000006
connection 15 61 -3.920519084029365331 0 0.299999999999999989 0.100000000000000006
connection 16 61 -0.525829206744674593 0 0.299999999999999989 0.100000000000000006
connection 17 61 -0.736861498618964106 0 0.299999999999999989 0.100000000000000006
connection 18 61 -0.259512323362287134 0 0.299999999999999989 0.100000000000000006
connection 19 61 0.671393457523663528 0 0.299999999999999989 0.100000000000000006
connection 20 61 -2.153993175450523268 0 0.299999999999999989 0.100000000000000006
connection 21 61 1.188522363838274032 0 0.299999999999999989 0.100000000000000006
connection 22 61 4.738069822487886995 0 0.299999999999999989 0.100000000000000006
connection 23 61 -1.313803780765738338 0 0.299999999999999989 0.100000000000000006
connection 24 61 -0.380865432205609977 0 0.299999999999999989 0.100000000000000006
connection 25 61 0.814485682873055339 0 0.299999999999999989 0.100000000000000006
connection 26 61 -3.219529712630901486 0 0.299999999999999989 0.100000000000000006
connection 27 61 2.433830023102927953 0 0.299999999999999989 0.100000000000000006
connection 28 61 4.930726619935285271 0 0.299999999999999989 0.100000000000000006
connection 29 61 1.243455623334739357 0 0.299999999999999989 0.100000000000000006
connection 30 61 2.507054338522721082 0 0.299999999999999989 0.100000000000000006
connection 32 61 0.166994332976173609 0 0.299999999999999989 0.100000000000000006
connection 33 61 0.224703635671176016 0 0.299999999999999989 0.100000000000000006
connection 34 61 -0.761130946630146354 0 0.299999999999999989 0.100000000000000006
connection 35 61 1.816450011334381998 0 0.299999999999999989 0.100000000000000006
connection 36 61 0.339338163961656392 0 0.299999999999999989 0.100000000000000006
connection 37 61 -0.740479381522163749 0 0.299999999999999989 0.100000000000000006
connection 38 61 3.857233174552675337 0 0.299999999999999989 0.100000000000000006
connection 39 61 -1.919420253369025886 0 0.299999999999999989 0.100000000000000006
connection 40 61 0.099580658148624934 0 0.299999999999999989 0.100000000000000006
connection 41 61 -0.214796223852317780 0 0.299999999999999989 0.100000000000000006
connection 42 61 0.399580969125963748 0 0.299999999999999989 0.100000000000000006
connection 43 61 1.590503048733808100 0 0.299999999999999989 0.100000000000000006
connection 44 61 0.482820559176616371 0 0.299999999999999989 0.100000000000000006
connection 45 61 2.000002291548298672 0 0.299999999999999989 0.100000000000000006
connection 46 61 0.441601241880562156 0 0.299999999999999989 0.100000000000000006
connection 47 61 -1.273640314058866352 0 0.299999999999999989 0.100000000000000006
connection 0 62 1.562888197368010879 0 0.299999999999999989 0.100000000000000006
connection 1 62 -0.950970614241668954 0 0.299999999999999989 0.100000000000000006
connection 2 62 0.460018921119626611 0 0.299999999999999989 0.100000000000000006
connection 3 62 1.589463236276060343 0 0.299999999999999989 0.100000000000000006
connection 4 62 -0.956736194959376007 0 0.299999999999999989 0.100000000000000006
connection 5 62 0.455082196975126863 0 0.299999999999999989 0.100000000000000006
connection 6 62 -0.539299936848692596 0 0.299999999999999989 0.100000000000000006
connection 7 62 1.459267480007838458 0 0.299999999999999989 0.100000000000000006
connection 8 62 -2.154093928344082087 0 0.299999999999999989 0.100000000000000006
connection 9 62 2.241433718008920550 0 0.299999999999999989 0.100000000000000006
connection 10 62 -1.116851961473003030 0 0.299999999999999989 0.100000000000000006
connection 11 62 -0.506115934636909515 0 0.299999999999999989 0.100000000000000006
connection 12 62 -1.157864283595699817 0 0.299999999999999989 0.100000000000000006
connection 13 62 1.410676732484716922 0 0.299999999999999989 0.100000000000000006
connection 14 62 -0.878421784727834165 0 0.299999999999999989 0.100000000000000006
connection 15 62 2.480845284066163003 0 0.299999999999999989 0.100000000000000006
connection 16 62 -1.083812351513188332 0 0.299999999999999989 0.100000000000000006
connection 17 62 -1.331945498881395906 0 0.299999999999999989 0.100000000000000006
connection 18 62 -0.622146642708685249 0 0.299999999999999989 0.100000000000000006
connection 19 62 -2.256027402116160374 0 0.299999999999999989 0.100000000000000006
connection 20 62 0.833651050255866721 0 0.299999999999999989 0.100000000000000006
connection 21 62 1.698375898238737136 0 0.299999999999999989 0.100000000000000006
connection 22 62 -3.015889141359366477 0 0.299999999999999989 0.100000000000000006
connection 23 62 -0.787420751206809655 0 0.299999999999999989 0.100000000000000006
connection 24 62 -0.376165183552075177 0 0.299999999999999989 0.100000000000000006
connection 25 62 1.693197406886611134 0 0.299999999999999989 0.100000000000000006
connection 26 62 -2.570402287645265460 0 0.299999999999999989 0.100000000000000006
connection 27 62 0.248108319829043467 0 0.299999999999999989 0.100000000000000006
connection 28 62 0.056199886428657919 0 0.299999999999999989 0.100000000000000006
connection 29 62 0.954195261292625219 0 0.299999999999999989 0.100000000000000006
connection 30 62 2.358432778040878475 0 0.299999999999999989 0.100000000000000006
connection 31 62 -2.060312611109111458 0 0.299999999999999989 0.100000000000000006
connection 32 62 -0.162338099670705560 0 0.299999999999999989 0.100000000000000006
connection 33 62 4.740408199897501618 0 0.299999999999999989 0.100000000000000006
connection 34 62 1.741970612551085651 0 0.299999999999999989 0.100000000000000006
connection 35 62 -3.096810287213884294 0 0.299999999999999989 0.100000000000000006
connection 36 62 1.285269319025246659 0 0.299999999999999989 0.100000000000000006
connection 37 62 -1.051002169027924538 0 0.299999999999999989 0.100000000000000006
connection 38 62 -0.483998841315042228 0 0.299999999999999989 0.100000000000000006
connection 39 62 3.461938455642666668 0 0.299999999999999989 0.100000000000000006
connection 40 62 -0.928977373754605651 0 0.299999999999999989 0.100000000000000006
connection 41 62 1.365731891302857548 0 0.299999999999999989 0.100000000000000006
connection 42 62 0.565931254823226482 0 0.299999999999999989 0.100000000000000006
connection 43 62 0.561209301231428981 0 0.299999999999999989 0.100000000000000006
connection 44 62 -0.628110602963715792 0 0.299999999999999989 0.100000000000000006
connection 45 62 -0.204446961171925068 0 0.299999999999999989 0.100000000000000006
connection 47 62 -2.935771650500100804 0 0.299999999999999989 0.100000000000000006
connection 53 48 1.335161951370537281 0 0.299999999999999989 0.100000000000000006
connection 54 48 -2.153967685982934199 0 0.299999999999999989 0.100000000000000006
connection 55 48 0.375053721712902188 0 0.299999999999999989 0.100000000000000006
connection 56 48 -0.076454038207884878 0 0.299999999999999989 0.100000000000000006
connection 57 48 0.878437940846197307 0 0.299999999999999989 0.100000000000000006
connection 58 48 -0.795468349824659526 0 0.299999999999999989 0.100000000000000006
connection 59 48 -1.134199268242809922 0 0.299999999999999989 0.100000000000000006
connection 60 48 0.105137276288587600 0 0.299999999999999989 0.100000000000000006
connection 61 48 1.826084380736574531 0 0.299999999999999989 0.100000000000000006
connection 62 48 -1.223468237512861378 0 0.299999999999999989 0.100000000000000006
connection 53 49 0.038255946070421487 0 0.299999999999999989 0.100000000000000006
connection 54 49 -2.858630694565363228 0 0.299999999999999989 0.100000000000000006
connection 55 49 0.305438561714254320 0 0.299999999999999989 0.100000000000000006
connection 56 49 1.222442986327223480 0 0.299999999999999989 0.100000000000000006
connection 57 49 -0.273493503918871284 0 0.299999999999999989 0.100000000000000006
connection 58 49 0.666508150519803166 0 0.299999999999999989 0.100000000000000006
connection 59 49 -0.709403008222579956 0 0.299999999999999989 0.100000000000000006
connection 60 49 1.214661222242284566 0 0.299999999999999989 0.100000000000000006
connection 61 49 0.066753028018865734 0 0.299999999999999989 0.100000000000000006
connection 62 49 0.688903542933985591 0 0.299999999999999989 0.100000000000000006
connection 53 50 -0.113503434207814280 0 0.299999999999999989 0.100000000000000006
connection 54 50 -0.269704318001458887 0 0.299999999999999989 0.100000000000000006
connection 55 50 -0.640175307285971940 0 0.299999999999999989 0.100000000000000006
connection 56 50 0.016764575033448637 0 0.299999999999999989 0.100000000000000006
connection 57 50 -3.138170828569400328 0 0.299999999999999989 0.100000000000000006
connection 58 50 -3.736988086777273566 0 0.299999999999999989 0.100000000000000006
connection 59 50 0.192703169304877520 0 0.299999999999999989 0.100000000000000006
connection 60 50 0.884754132974194363 0 0.299999999999999989 0.100000000000000006
connection 61 50 -1.134746148309204727 0 0.299999999999999989 0.100000000000000006
connection 62 50 -0.892811384488595650 0 0.299999999999999989 0.100000000000000006
connection 53 51 0.312896275077946484 0 0.299999999999999989 0.100000000000000006
connection 54 51 -1.217522702703718096 0 0.299999999999999989 0.100000000000000006
connection 55 51 -0.706941809087766160 0 0.299999999999999989 0.100000000000000006
connection 56 51 -0.950272806723660324 0 0.299999999999999989 0.100000000000000006
connection 58 51 -2.913483119162265211 0 0.299999999999999989 0.100000000000000006
connection 59 51 -0.092453867313452065 0 0.299999999999999989 0.100000000000000006
connection 60 51 -0.004909323382889852 0 0.299999999999999989 0.100000000000000006
connection 61 51 0.493337331165093929 0 0.299999999999999989 0.100000000000000006
connection 62 51 -0.211054210143629462 0 0.299999999999999989 0.100000000000000006
connection 53 52 0.250722551980288699 0 0.299999999999999989 0.100000000000000006
connection 55 52 0.475638771022204310 0 0.299999999999999989 0.100000000000000006
connection 57 52 2.419221281947102398 0 0.299999999999999989 0.100000000000000006
connection 58 52 2.840257755422499031 0 0.299999999999999989 0.100000000000000006
connection 59 52 1.235327505622990429 0 0.299999999999999989 0.100000000000000006
connection 60 52 -1.024523587024305016 0 0.299999999999999989 0.100000000000000006
connection 61 52 2.128011479217093438 0 0.299999999999999989 0.100000000000000006
connection 62 52 1.372411361472614999 0 0.299999999999999989 0.100000000000000006
connection 47 48 -2.143272763292770833 0 0.299999999999999989 0.100000000000000006
connection 47 49 -0.332020777161233127 0 0.299999999999999989 0.100000000000000006
connection 47 50 -0.733721592754591256 0 0.299999999999999989 0.100000000000000006
connection 47 51 -1.526916448026895523 0 0.299999999999999989 0.100000000000000006
connection 47 52 3.886187241500010714 0 0.299999999999999989 0.100000000000000006
connection 23 49 -0.859911081613972783 0 0.299999999999999989 0.100000000000000006
connection 32 49 -0.536335334822069854 0 0.299999999999999989 0.100000000000000006
connection 50 58 4.215128752693999559 1 0.299999999999999989 0.100000000000000006
connection 45 50 -2.106622124731075019 0 0.299999999999999989 0.100000000000000006
connection 53 63 -0.983020161685999483 0 0.299999999999999989 0.100000000000000006
connection 63 52 -0.655549141112715006 0 0.299999999999999989 0.100000000000000006
connection 48 59 -1.879455701564438641 1 0.299999999999999989 0.100000000000000006
connection 15 52 0.965750011499039829 0 0.299999999999999989 0.100000000000000006
connection 61 59 -5.351975112396758050 0 0.299999999999999989 0.100000000000000006
connection 3 52 -0.113118922570720315 0 0.299999999999999989 0.100000000000000006
connection 1 51 0.428827865689527243 0 0.299999999999999989 0.100000000000000006
connection 37 50 5.843154695590783376 0 0.299999999999999989 0.100000000000000006
connection 24 49 1.487578930100426078 0 0.299999999999999989 0.100000000000000006
connection 63 60 1.136543359898496419 1 0.299999999999999989 0.100000000000000006
connection 2 63 3.879016339429654181 0 0.299999999999999989 0.100000000000000006
connection 1 48 0.957987583766225725 0 0.299999999999999989 0.100000000000000006
connection 50 57 1.608979168813675642 1 0.299999999999999989 0.100000000000000006
connection 35 48 -1.748095308255869895 0 0.299999999999999989 0.100000000000000006
connection 48 58 0.126707563002128154 1 0.299999999999999989 0.100000000000000006
connection 46 49 0.434441895922645926 0 0.299999999999999989 0.100000000000000006
connection 35 49 -1.214647131157107651 0 0.299999999999999989 0.100000000000000006
connection 4 63 1.287194777920376509 0 0.299999999999999989 0.100000000000000006
connection 62 55 0.555843477661255747 0 0.299999999999999989 0.100000000000000006
connection 60 63 0.337890851718839258 0 0.299999999999999989 0.100000000000000006
connection 54 63 -2.032338308752514422 0 0.299999999999999989 0.100000000000000006
connection 58 58 -1.298681246989872307 1 0.299999999999999989 0.100000000000000006
connection 12 51 -0.301778840948827565 0 0.299999999999999989 0.100000000000000006
connection 51 51 -0.132688546029385179 1 0.299999999999999989 0.100000000000000006
connection 63 57 0.482444646098883823 1 0.299999999999999989 0.100000000000000006
connection 46 64 -2.998784582712687552 0 0.299999999999999989 0.100000000000000006
connection 64 62 1.652510189858730882 0 0.299999999999999989 0.100000000000000006
connection 40 49 1.985273576763574965 0 0.299999999999999989 0.100000000000000006
connection 51 64 0.993931982583887930 1 0.299999999999999989 0.100000000000000006
connection 33 49 0.467949912446783856 0 0.299999999999999989 0.100000000000000006
connection 59 55 -2.538879013853147626 0 0.299999999999999989 0.100000000000000006
connection 41 64 0.744830886309500784 0 0.299999999999999989 0.100000000000000006
connection 64 60 -0.833436652843374759 0 0.299999999999999989 0.100000000000000006
connection 49 63 -4.041472436015283165 1 0.299999999999999989 0.100000000000000006
connection 11 50 0.562152171391062438 0 0.299999999999999989 0.100000000000000006
connection 6 52 5.327091125393053517 0 0.299999999999999989 0.100000000000000006
connection 1 52 1.883940338040702045 0 0.299999999999999989 0.100000000000000006
connection 0 65 -3.067897246546635870 0 0.299999999999999989 0.100000000000000006
connection 65 61 -1.269529824785422534 0 0.299999999999999989 0.100000000000000006
connection 0 51 -2.558212702046148479 0 0.299999999999999989 0.100000000000000006
connection 11 66 -1.342791255388874561 0 0.299999999999999989 0.100000000000000006
connection 66 55 0.309334889519959688 0 0.299999999999999989 0.100000000000000006
connection 56 57 0.967883775068912655 0 0.299999999999999989 0.100000000000000006
connection 64 65 -2.218561109737493098 0 0.299999999999999989 0.100000000000000006
connection 18 49 1.933208197355270386 0 0.299999999999999989 0.100000000000000006
connection 38 67 0.916105256277660374 0 0.299999999999999989 0.100000000000000006
connection 67 59 0.516846560698468238 0 0.299999999999999989 0.100000000000000006
connection 29 65 0.908786791027523577 0 0.299999999999999989 0.100000000000000006
connection 14 67 -0.632814824231900275 0 0.299999999999999989 0.100000000000000006
connection 0 67 -0.490601878147572279 0 0.299999999999999989 0.100000000000000006
connection 26 68 -3.455215790367219597 0 0.299999999999999989 0.100000000000000006
connection 68 55 -0.001711816119495779 0 0.299999999999999989 0.100000000000000006
connection 12 69 0.716437687922734767 0 0.299999999999999989 0.100000000000000006
connection 69 60 1.219281236350070685 0 0.299999999999999989 0.100000000000000006
connection 57 57 1.575629535305779427 1 0.299999999999999989 0.100000000000000006
connection 2 70 -0.044921889726538211 0 0.299999999999999989 0.100000000000000006
connection 70 53 -0.280057926443987526 0 0.299999999999999989 0.100000000000000006
connection 22 67 3.285768381203524768 0 0.299999999999999989 0.100000000000000006
connection 37 68 -0.980021531111560762 0 0.299999999999999989 0.100000000000000006
connection 51 70 0.681117115171218757 1 0.299999999999999989 0.100000000000000006
connection 17 71 -2.124138671846594661 0 0.299999999999999989 0.100000000000000006
connection 71 60 -0.188850954873487353 0 0.299999999999999989 0.100000000000000006
connection 65 58 2.597480899246875197 0 0.299999999999999989 0.100000000000000006
connection 0 72 0.335406434256583452 0 0.299999999999999989 0.100000000000000006
connection 72 57 1.003842283505946398 0 0.299999999999999989 0.100000000000000006
connection 66 60 -3.321366254007443786 0 0.299999999999999989 0.100000000000000006
connection 61 64 1.079702135000843555 1 0.299999999999999989 0.100000000000000006
connection 31 71 1.619011195376515388 0 0.299999999999999989 0.100000000000000006
connection 15 48 -0.205368691880721599 0 0.299999999999999989 0.100000000000000006
connection 27 71 0.646367560606449842 0 0.299999999999999989 0.100000000000000006
connection 48 65 -0.439777632884215564 1 0.299999999999999989 0.100000000000000006
connection 64 71 0.759488596755545586 0 0.299999999999999989 0.100000000000000006
connection 24 73 -0.559025361610110849 0 0.299999999999999989 0.100000000000000006
connection 73 59 0.816849107679445297 0 0.299999999999999989 0.100000000000000006
connection 35 70 2.528587240383785684 0 0.299999999999999989 0.100000000000000006
connection 30 69 -0.976158429693896323 0 0.299999999999999989 0.100000000000000006
connection 40 67 1.569748638197779655 0 0.299999999999999989 0.100000000000000006
connection 33 74 0.436127878201659769 0 0.299999999999999989 0.100000000000000006
connection 74 50 -0.833968223421834409 0 0.299999999999999989 0.100000000000000006
connection 53 66 1.839224512514192611 1 0.299999999999999989 0.100000000000000006
connection 43 75 -0.670936932321637869 0 0.299999999999999989 0.100000000000000006
connection 75 60 0.665855136467143893 0 0.299999999999999989 0.100000000000000006
connection 22 73 -0.107776693068444729 0 0.299999999999999989 0.100000000000000006
connection 43 69 0.051453393418341875 0 0.299999999999999989 0.100000000000000006
connection 73 51 -0.210140928626060486 0 0.299999999999999989 0.100000000000000006
connection 5 75 -0.078073183540254831 0 0.299999999999999989 0.100000000000000006
connection 5 73 -0.250033119693398476 0 0.299999999999999989 0.100000000000000006
connection 11 69 0.091205709381029010 0 0.299999999999999989 0.100000000000000006
connection 60 72 0.620824311627075076 1 0.299999999999999989 0.100000000000000006
connection 76 51 0.263311404734849930 0 0.299999999999999989 0.100000000000000006
connection 32 70 -0.334212796995416284 0 0.299999999999999989 0.100000000000000006
connection 44 63 0.647903029341250658 0 0.299999999999999989 0.100000000000000006
connection 76 50 0.242074510315433145 0 0.299999999999999989 0.100000000000000006
connection 64 68 -0.008111686678603292 0 0.299999999999999989 0.100000000000000006
connection 57 77 -0.255785317858681083 0 0.299999999999999989 0.100000000000000006
connection 77 76 -0.012059653177857399 0 0.299999999999999989 0.100000000000000006
connection 26 67 0.477928527863696218 0 0.299999999999999989 0.100000000000000006
connection 11 78 -0.351427048444747925 0 0.299999999999999989 0.100000000000000006
connection 78 54 0.400259315269067883 0 0.299999999999999989 0.100000000000000006
connection 72 58 -0.059794146334752440 0 0.299999999999999989 0.100000000000000006
connection 66 48 -0.614328711992129683 0 0.299999999999999989 0.100000000000000006
connection 66 56 -0.239597611827775836 0 0.299999999999999989 0.100000000000000006
connection 58 65 -0.181190834613516927 1 0.299999999999999989 0.100000000000000006
connection 53 78 0.761675069574266672 1 0.299999999999999989 0.100000000000000006
connection 25 71 0.468476688023656607 0 0.299999999999999989 0.100000000000000006
connection 33 78 -0.375718347961083055 0 0.299999999999999989 0.100000000000000006
connection 74 59 -0.781599800800904632 0 0.299999999999999989 0.100000000000000006
connection 3 79 -0.559833408799022436 0 0.299999999999999989 0.100000000000000006
connection 79 57 0.670793757541105151 0 0.299999999999999989 0.100000000000000006
connection 4 77 -0.491190385073423386 0 0.299999999999999989 0.100000000000000006
connection 69 65 -0.637565076583996415 0 0.299999999999999989 0.100000000000000006
connection 17 79 0.267216794425621629 0 0.299999999999999989 0.100000000000000006
connection 1 73 -0.196520476834848523 0 0.299999999999999989 0.100000000000000006
NNend

