NNstart
48 5
neuron 1 0.000000000000000000 0.000000000000000000 0.000000000000000000 0.000000000000000000 1 0.000000000000000000
neuron 1 0.000000000000000000 0.000000000000000000 0.000000000000000000 0.000000000000000000 1 0.000000000000000000
neuron 1 0.000000000000000000 0.000000000000000000 0.000000000000000000 0.000000000000000000 1 0.000000000000000000
neuron 1 0.000000000000000000 0.000000000000000000 0.000000000000000000 0.000000000000000000 1 0.000000000000000000
neuron 1 0.000000000000000000 0.000000000000000000 0.000000000000000000 0.000000000000000000 1 0.000000000000000000
neuron 1 0.000000000000000000 0.000000000000000000 0.000000000000000000 0.000000000000000000 1 0.000000000000000000
neuron 1 0.000000000000000000 0.000000000000000000 0.000000000000000000 0.000000000000000000 1 0.000000000000000000
neuron 1 0.000000000000000000 0.000000000000000000 0.000000000000000000 0.000000000000000000 1 0.000000000000000000
neuron 1 0.000000000000000000 0.000000000000000000 0.000000000000000000 0.000000000000000000 1 0.000000000000000000
neuron 1 0.000000000000000000 0.000000000000000000 0.000000000000000000 0.000000000000000000 1 0.000000000000000000
neuron 1 0.000000000000000000 0.000000000000000000 0.000000000000000000 0.000000000000000000 1 0.000000000000000000
neuron 1 0.000000000000000000 0.000000000000000000 0.000000000000000000 0.000000000000000000 1 0.000000000000000000
neuron 1 0.000000000000000000 0.000000000000000000 0.000000000000000000 0.000000000000000000 1 0.000000000000000000
neuron 1 0.000000000000000000 0.000000000000000000 0.000000000000000000 0.000000000000000000 1 0.000000000000000000
neuron 1 0.000000000000000000 0.000000000000000000 0.000000000000000000 0.000000000000000000 1 0.000000000000000000
neuron 1 0.000000000000000000 0.000000000000000000 0.000000000000000000 0.000000000000000000 1 0.000000000000000000
neuron 1 0.000000000000000000 0.000000000000000000 0.000000000000000000 0.000000000000000000 1 0.000000000000000000
neuron 1 0.000000000000000000 0.000000000000000000 0.000000000000000000 0.000000000000000000 1 0.000000000000000000
neuron 1 0.000000000000000000 0.000000000000000000 0.000000000000000000 0.000000000000000000 1 0.000000000000000000
neuron 1 0.000000000000000000 0.000000000000000000 0.000000000000000000 0.000000000000000000 1 0.000000000000000000
neuron 1 0.000000000000000000 0.000000000000000000 0.000000000000000000 0.000000000000000000 1 0.000000000000000000
neuron 1 0.000000000000000000 0.000000000000000000 0.000000000000000000 0.000000000000000000 1 0.000000000000000000
neuron 1 0.000000000000000000 0.000000000000000000 0.000000000000000000 0.000000000000000000 1 0.000000000000000000
neuron 1 0.000000000000000000 0.000000000000000000 0.000000000000000000 0.000000000000000000 1 0.000000000000000000
neuron 1 0.000000000000000000 0.000000000000000000 0.000000000000000000 0.000000000000000000 1 0.000000000000000000
neuron 1 0.000000000000000000 0.000000000000000000 0.000000000000000000 0.000000000000000000 1 0.000000000000000000
neuron 1 0.000000000000000000 0.000000000000000000 0.000000000000000000 0.000000000000000000 1 0.000000000000000000
neuron 1 0.000000000000000000 0.000000000000000000 0.000000000000000000 0.000000000000000000 1 0.000000000000000000
neuron 1 0.000000000000000000 0.000000000000000000 0.000000000000000000 0.000000000000000000 1 0.000000000000000000
neuron 1 0.000000000000000000 0.000000000000000000 0.000000000000000000 0.000000000000000000 1 0.000000000000000000
neuron 1 0.000000000000000000 0.000000000000000000 0.000000000000000000 0.000000000000000000 1 0.000000000000000000
neuron 1 0.000000000000000000 0.000000000000000000 0.000000000000000000 0.000000000000000000 1 0.000000000000000000
neuron 1 0.000000000000000000 0.000000000000000000 0.000000000000000000 0.000000000000000000 1 0.000000000000000000
neuron 1 0.000000000000000000 0.000000000000000000 0.000000000000000000 0.000000000000000000 1 0.000000000000000000
neuron 1 0.000000000000000000 0.000000000000000000 0.000000000000000000 0.000000000000000000 1 0.000000000000000000
neuron 1 0.000000000000000000 0.000000000000000000 0.000000000000000000 0.000000000000000000 1 0.000000000000000000
neuron 1 0.000000000000000000 0.000000000000000000 0.000000000000000000 0.000000000000000000 1 0.000000000000000000
neuron 1 0.000000000000000000 0.000000000000000000 0.000000000000000000 0.000000000000000000 1 0.000000000000000000
neuron 1 0.000000000000000000 0.000000000000000000 0.000000000000000000 0.000000000000000000 1 0.000000000000000000
neuron 1 0.000000000000000000 0.000000000000000000 0.000000000000000000 0.000000000000000000 1 0.000000000000000000
neuron 1 0.000000000000000000 0.000000000000000000 0.000000000000000000 0.000000000000000000 1 0.000000000000000000
neuron 1 0.000000000000000000 0.000000000000000000 0.000000000000000000 0.000000000000000000 1 0.000000000000000000
neuron 1 0.000000000000000000 0.000000000000000000 0.000000000000000000 0.000000000000000000 1 0.000000000000000000
neuron 1 0.000000000000000000 0.000000000000000000 0.000000000000000000 0.000000000000000000 1 0.000000000000000000
neuron 1 0.000000000000000000 0.000000000000000000 0.000000000000000000 0.000000000000000000 1 0.000000000000000000
neuron 1 0.000000000000000000 0.000000000000000000 0.000000000000000000 0.000000000000000000 1 0.000000000000000000
neuron 1 0.000000000000000000 0.000000000000000000 0.000000000000000000 0.000000000000000000 1 0.000000000000000000
neuron 2 0.000000000000000000 0.000000000000000000 0.000000000000000000 0.000000000000000000 1 0.000000000000000000
neuron 4 1.000000000000000000 0.000000000000000000 0.000000000000000000 0.000000000000000000 1 1.000000000000000000
neuron 4 1.000000000000000000 0.000000000000000000 0.000000000000000000 0.000000000000000000 1 1.000000000000000000
neuron 4 1.000000000000000000 0.000000000000000000 0.000000000000000000 0.000000000000000000 1 1.000000000000000000
neuron 4 1.000000000000000000 0.000000000000000000 0.000000000000000000 0.000000000000000000 1 1.000000000000000000
neuron 4 1.000000000000000000 0.000000000000000000 0.000000000000000000 0.000000000000000000 1 1.000000000000000000
neuron 3 1.000000000000000000 0.000000000000000000 0.000000000000000000 0.000000000000000000 1 0.500000000000000000
neuron 3 1.000000000000000000 0.000000000000000000 0.000000000000000000 0.000000000000000000 1 0.500000000000000000
neuron 3 1.000000000000000000 0.000000000000000000 0.000000000000000000 0.000000000000000000 1 0.500000000000000000
neuron 3 1.000000000000000000 0.000000000000000000 0.000000000000000000 0.000000000000000000 1 0.500000000000000000
neuron 3 1.000000000000000000 0.000000000000000000 0.000000000000000000 0.000000000000000000 1 0.500000000000000000
neuron 3 1.000000000000000000 0.000000000000000000 0.000000000000000000 0.000000000000000000 1 0.500000000000000000
neuron 3 1.000000000000000000 0.000000000000000000 0.000000000000000000 0.000000000000000000 1 0.500000000000000000
neuron 3 1.000000000000000000 0.000000000000000000 0.000000000000000000 0.000000000000000000 1 0.500000000000000000
neuron 3 1.000000000000000000 0.000000000000000000 0.000000000000000000 0.000000000000000000 1 0.500000000000000000
neuron 3 1.000000000000000000 0.000000000000000000 0.000000000000000000 0.000000000000000000 1 0.500000000000000000
neuron 3 1.000000000000000000 0.000000000000000000 0.000000000000000000 0.000000000000000000 1 0.250000000000000000
neuron 3 1.000000000000000000 0.000000000000000000 0.000000000000000000 0.000000000000000000 1 0.250000000000000000
neuron 3 1.000000000000000000 0.000000000000000000 0.000000000000000000 0.000000000000000000 1 0.250000000000000000
neuron 3 1.000000000000000000 0.000000000000000000 0.000000000000000000 0.000000000000000000 1 0.250000000000000000
neuron 3 1.000000000000000000 0.000000000000000000 0.000000000000000000 0.000000000000000000 2 0.250000000000000000
neuron 3 1.000000000000000000 0.000000000000000000 0.000000000000000000 0.000000000000000000 1 0.250000000000000000
neuron 3 1.000000000000000000 0.000000000000000000 0.000000000000000000 0.000000000000000000 2 0.250000000000000000
neuron 3 1.000000000000000000 0.000000000000000000 0.000000000000000000 0.000000000000000000 1 0.750000000000000000
neuron 3 1.000000000000000000 0.000000000000000000 0.000000000000000000 0.000000000000000000 1 0.500000000000000000
neuron 3 1.000000000000000000 0.000000000000000000 0.000000000000000000 0.000000000000000000 2 0.375000000000000000
neuron 3 1.000000000000000000 0.000000000000000000 0.000000000000000000 0.000000000000000000 1 0.250000000000000000
neuron 3 1.000000000000000000 0.000000000000000000 0.000000000000000000 0.000000000000000000 2 0.750000000000000000
neuron 3 1.000000000000000000 0.000000000000000000 0.000000000000000000 0.000000000000000000 4 0.250000000000000000
neuron 3 1.000000000000000000 0.000000000000000000 0.000000000000000000 0.000000000000000000 2 0.250000000000000000
neuron 3 1.000000000000000000 0.000000000000000000 0.000000000000000000 0.000000000000000000 1 0.250000000000000000
neuron 3 1.000000000000000000 0.000000000000000000 0.000000000000000000 0.000000000000000000 1 0.250000000000000000
neuron 3 1.000000000000000000 0.000000000000000000 0.000000000000000000 0.000000000000000000 1 0.375000000000000000
neuron 3 1.000000000000000000 0.000000000000000000 0.000000000000000000 0.000000000000000000 1 0.250000000000000000
neuron 3 1.000000000000000000 0.000000000000000000 0.000000000000000000 0.000000000000000000 1 0.250000000000000000
connection 0 53 -1.547284770756959915 0 0.299999999999999989 0.100000000000000006
connection 1 53 0.848511324322316796 0 0.299999999999999989 0.100000000000000006
connection 2 53 -0.033178579271407216 0 0.299999999999999989 0.100000000000000006
connection 3 53 -0.251280545300687663 0 0.299999999999999989 0.100000000000000006
connection 4 53 -0.508948814356699586 0 0.299999999999999989 0.100000000000000006
connection 5 53 -0.526295348536223173 0 0.299999999999999989 0.100000000000000006
connection 6 53 1.221739979621816019 0 0.299999999999999989 0.100000000000000006
connection 7 53 4.674851865464006551 0 0.299999999999999989 0.100000000000000006
connection 8 53 0.153110919287428260 0 0.299999999999999989 0.100000000000000006
connection 9 53 -0.830997630953788757 0 0.299999999999999989 0.100000000000000006
connection 10 53 1.974907619995065033 0 0.299999999999999989 0.100000000000000006
connection 11 53 -1.182771325111389160 0 0.299999999999999989 0.100000000000000006
connection 12 53 -0.615564385312609375 0 0.299999999999999989 0.100000000000000006
connection 13 53 -1.973009031265974045 0 0.299999999999999989 0.100000000000000006
connection 14 53 -1.469784405897371471 0 0.299999999999999989 0.100000000000000006
connection 15 53 -0.871017753146588802 0 0.299999999999999989 0.100000000000000006
connection 16 53 -0.816242639310075901 0 0.299999999999999989 0.100000000000000006
connection 18 53 -1.556501051411032677 0 0.299999999999999989 0.100000000000000006
connection 19 53 -0.183651386993005872 0 0.299999999999999989 0.100000000000000006
connection 20 53 -2.194032840081490576 0 0.299999999999999989 0.100000000000000006
connection 21 53 -0.387248670042026788 0 0.299999999999999989 0.100000000000000006
connection 22 53 0.271192747517488897 0 0.299999999999999989 0.100000000000000006
connection 23 53 -0.249730108422227204 0 0.299999999999999989 0.100000000000000006
connection 24 53 1.244801109889522195 0 0.299999999999999989 0.100000000000000006
connection 25 53 -1.479873768286779523 0 0.299999999999999989 0.100000000000000006
connection 26 53 -0.130926875528530218 0 0.299999999999999989 0.100000000000000006
connection 27 53 -0.402235387940891087 0 0.299999999999999989 0.100000000000000006
connection 28 53 -0.461674859398044646 0 0.299999999999999989 0.100000000000000006
connection 29 53 0.391268959501758218 0 0.299999999999999989 0.100000000000000006
connection 30 53 -0.049383615318220109 0 0.299999999999999989 0.100000000000000006
connection 31 53 -0.591855477774515748 0 0.299999999999999989 0.100000000000000006
connection 32 53 5.911406131519470364 0 0.299999999999999989 0.100000000000000006
connection 33 53 0.336693305755034089 0 0.299999999999999989 0.100000000000000006
connection 34 53 0.843934056116268039 0 0.299999999999999989 0.100000000000000006
connection 35 53 0.307513205654686317 0 0.299999999999999989 0.100000000000000006
connection 36 53 0.029672024887986481 0 0.299999999999999989 0.100000000000000006
connection 37 53 0.609093121136538684 0 0.299999999999999989 0.100000000000000006
connection 38 53 2.735353168391156942 0 0.299999999999999989 0.100000000000000006
connection 39 53 1.048796824528835714 0 0.299999999999999989 0.100000000000000006
connection 40 53 -1.491281168651767075 0 0.299999999999999989 0.100000000000000006
connection 41 53 0.752298420527949929 0 0.299999999999999989 0.100000000000000006
connection 42 53 0.392876456957310438 0 0.299999999999999989 0.100000000000000006
connection 43 53 -0.352651597699150443 0 0.299999999999999989 0.100000000000000006
connection 44 53 -1.476880688278470188 0 0.299999999999999989 0.100000000000000006
connection 45 53 2.803288869094103575 0 0.299999999999999989 0.100000000000000006
connection 46 53 1.037207260378636420 0 0.299999999999999989 0.100000000000000006
connection 47 53 -2.547658301657065749 0 0.299999999999999989 0.100000000000000006
connection 0 54 -0.606573564840800827 0 0.299999999999999989 0.100000000000000006
connection 1 54 1.949519066256470978 0 0.299999999999999989 0.100000000000000006
connection 2 54 1.100059089134447277 0 0.299999999999999989 0.100000000000000006
connection 3 54 -3.296700672304723412 0 0.299999999999999989 0.100000000000000006
connection 4 54 -1.531565339566441253 0 0.299999999999999989 0.100000000000000006
connection 6 54 1.044622777146287262 0 0.299999999999999989 0.100000000000000006
connection 7 54 -0.381812010193243623 0 0.299999999999999989 0.100000000000000006
connection 8 54 2.291017838870175183 0 0.299999999999999989 0.100000000000000006
connection 9 54 -2.260363591951318085 0 0.299999999999999989 0.100000000000000006
connection 10 54 -1.422046779654920101 0 0.299999999999999989 0.100000000000000006
connection 12 54 0.690950428717769682 0 0.299999999999999989 0.100000000000000006
connection 13 54 -1.962882403830008116 0 0.299999999999999989 0.100000000000000006
connection 14 54 -0.315784962382167578 0 0.299999999999999989 0.100000000000000006
connection 15 54 1.851939515327103436 0 0.299999999999999989 0.100000000000000006
connection 16 54 1.249618800218740944 0 0.299999999999999989 0.100000000000000006
connection 18 54 -0.078627795097418129 0 0.299999999999999989 0.100000000000000006
connection 20 54 0.725305148574989289 0 0.299999999999999989 0.100000000000000006
connection 21 54 -0.193627651082351804 0 0.299999999999999989 0.100000000000000006
connection 22 54 -0.646271343226544559 0 0.299999999999999989 0.100000000000000006
connection 23 54 -1.606573682627640665 0 0.299999999999999989 0.100000000000000006
connection 24 54 -0.138170361256925389 0 0.299999999999999989 0.100000000000000006
connection 25 54 0.087191947037354112 0 0.299999999999999989 0.100000000000000006
connection 26 54 -0.634372232610985520 0 0.299999999999999989 0.100000000000000006
connection 27 54 0.919678943988401443 0 0.299999999999999989 0.100000000000000006
connection 29 54 1.090484032640233636 0 0.299999999999999989 0.100000000000000006
connection 30 54 -0.919496421061921865 0 0.299999999999999989 0.100000000000000006
connection 31 54 -1.100599162920843810 0 0.299999999999999989 0.100000000000000006
connection 32 54 -1.096415350504685193 0 0.299999999999999989 0.100000000000000006
connection 33 54 0.373936467920430005 0 0.299999999999999989 0.100000000000000006
connection 34 54 3.575214358068478759 0 0.299999999999999989 0.100000000000000006
connection 35 54 -0.002853818179573864 0 0.299999999999999989 0.100000000000000006
connection 36 54 -1.239819086855277419 0 0.299999999999999989 0.100000000000000006
connection 37 54 0.747087403316982090 0 0.299999999999999989 0.100000000000000006
connection 38 54 -0.442590517515782267 0 0.299999999999999989 0.100000000000000006
connection 39 54 1.234088333905674517 0 0.299999999999999989 0.100000000000000006
connection 40 54 -0.617515826597809792 0 0.299999999999999989 0.100000000000000006
connection 41 54 -0.103003081690985709 0 0.299999999999999989 0.100000000000000006
connection 42 54 -0.410061848464351897 0 0.299999999999999989 0.100000000000000006
connection 43 54 -0.476234396337531507 0 0.299999999999999989 0.100000000000000006
connection 44 54 2.248920588521286845 0 0.299999999999999989 0.100000000000000006
connection 45 54 0.794738631891959812 0 0.299999999999999989 0.100000000000000006
connection 46 54 1.206147971970494837 0 0.299999999999999989 0.100000000000000006
connection 47 54 2.460426671847017133 0 0.299999999999999989 0.100000000000000006
connection 1 55 -2.552978559979237616 0 0.299999999999999989 0.100000000000000006
connection 2 55 -1.058677631081081927 0 0.299999999999999989 0.100000000000000006
connection 4 55 -1.099320264183916152 0 0.299999999999999989 0.100000000000000006
connection 5 55 -1.590069895260967314 0 0.299999999999999989 0.100000000000000006
connection 6 55 0.709687899296113756 0 0.299999999999999989 0.100000000000000006
connection 7 55 -1.796669221366755664 0 0.299999999999999989 0.100000000000000006
connection 8 55 -3.573859016527421772 0 0.299999999999999989 0.100000000000000006
connection 9 55 0.625739193521440029 0 0.299999999999999989 0.100000000000000006
connection 10 55 -0.426349007320823148 0 0.299999999999999989 0.100000000000000006
connection 11 55 -2.849711385570117272 0 0.299999999999999989 0.100000000000000006
connection 12 55 0.847808264894410968 0 0.299999999999999989 0.100000000000000006
connection 13 55 0.583574103191494942 0 0.299999999999999989 0.100000000000000006
connection 14 55 1.953775520691124257 0 0.299999999999999989 0.100000000000000006
connection 15 55 -1.681095878244377673 0 0.299999999999999989 0.100000000000000006
connection 16 55 0.842265449282422196 0 0.299999999999999989 0.100000000000000006
connection 17 55 -0.371589913498610258 0 0.299999999999999989 0.100000000000000006
connection 18 55 0.070218453998677433 0 0.299999999999999989 0.100000000000000006
connection 19 55 -4.305742938497132855 0 0.299999999999999989 0.100000000000000006
connection 20 55 0.851973457812164270 0 0.299999999999999989 0.100000000000000006
connection 21 55 -2.161962361133191735 0 0.299999999999999989 0.100000000000000006
connection 22 55 -1.097535048378631473 0 0.299999999999999989 0.100000000000000006
connection 23 55 1.004328036302467808 0 0.299999999999999989 0.100000000000000006
connection 24 55 0.544446575397159904 0 0.299999999999999989 0.100000000000000006
connection 25 55 1.133342784451087937 0 0.299999999999999989 0.100000000000000006
connection 26 55 -0.189989072561729699 0 0.299999999999999989 0.100000000000000006
connection 28 55 -0.354985715472139418 0 0.299999999999999989 0.100000000000000006
connection 29 55 -0.487294299760833383 0 0.299999999999999989 0.100000000000000006
connection 30 55 0.301020605373196304 0 0.299999999999999989 0.100000000000000006
connection 31 55 -0.045387887279503047 0 0.299999999999999989 0.100000000000000006
connection 32 55 0.545591519330628216 0 0.299999999999999989 0.100000000000000006
connection 33 55 -0.005469040013849735 0 0.299999999999999989 0.100000000000000006
connection 34 55 -0.320600275881588459 0 0.299999999999999989 0.100000000000000006
connection 35 55 -0.387232251887326129 0 0.299999999999999989 0.100000000000000006
connection 36 55 1.776173934646067210 0 0.299999999999999989 0.100000000000000006
connection 37 55 -0.645517711240245262 0 0.299999999999999989 0.100000000000000006
connection 38 55 0.789648378107813187 0 0.299999999999999989 0.100000000000000006
connection 39 55 1.697177229681983590 0 0.299999999999999989 0.100000000000000006
connection 40 55 -0.914706705138087273 0 0.299999999999999989 0.100000000000000006
connection 41 55 -0.617079214891418815 0 0.299999999999999989 0.100000000000000006
connection 42 55 1.808208742353599519 0 0.299999999999999989 0.100000000000000006
connection 43 55 -0.523518685367889702 0 0.299999999999999989 0.100000000000000006
connection 44 55 -0.342084386502392590 0 0.299999999999999989 0.100000000000000006
connection 45 55 -0.493982468615286052 0 0.299999999999999989 0.100000000000000006
connection 47 55 -1.325432932586409152 0 0.299999999999999989 0.100000000000000006
connection 0 56 -0.137122953427024186 0 0.299999999999999989 0.100000000000000006
connection 1 56 1.045794746431283784 0 0.299999999999999989 0.100000000000000006
connection 2 56 -0.494940064847469330 0 0.299999999999999989 0.100000000000000006
connection 3 56 0.013328212546184659 0 0.299999999999999989 0.100000000000000006
connection 4 56 4.154766687890514731 0 0.299999999999999989 0.100000000000000006
connection 5 56 -0.632865249179303646 0 0.299999999999999989 0.100000000000000006
connection 6 56 0.705624582042219117 0 0.299999999999999989 0.100000000000000006
connection 7 56 0.407639082870446146 0 0.299999999999999989 0.100000000000000006
connection 8 56 0.072631033603101969 0 0.299999999999999989 0.100000000000000006
connection 11 56 -2.403194049082230777 0 0.299999999999999989 0.100000000000000006
connection 13 56 -3.862195547873852775 0 0.299999999999999989 0.100000000000000006
connection 14 56 1.119883156614378095 0 0.299999999999999989 0.100000000000000006
connection 16 56 -0.979832115273893578 0 0.299999999999999989 0.100000000000000006
connection 17 56 -0.157240702414128464 0 0.299999999999999989 0.100000000000000006
connection 18 56 -2.780107794562354684 0 0.299999999999999989 0.100000000000000006
connection 19 56 -0.173837990383617580 0 0.299999999999999989 0.100000000000000006
connection 20 56 -0.428801998379640281 0 0.299999999999999989 0.100000000000000006
connection 21 56 -0.210030726680997759 0 0.299999999999999989 0.100000000000000006
connection 22 56 2.612282926595071331 0 0.299999999999999989 0.100000000000000006
connection 23 56 1.837652905727736652 0 0.299999999999999989 0.100000000000000006
connection 24 56 1.191124456934630871 0 0.299999999999999989 0.100000000000000006
connection 25 56 -0.615272139431908727 0 0.299999999999999989 0.100000000000000006
connection 26 56 4.766709503339370713 0 0.299999999999999989 0.100000000000000006
connection 27 56 0.723378170630894601 0 0.299999999999999989 0.100000000000000006
connection 28 56 -0.677655653795227408 0 0.299999999999999989 0.100000000000000006
connection 29 56 -0.342946796212345362 0 0.299999999999999989 0.100000000000000006
connection 30 56 -0.309505830984562635 0 0.299999999999999989 0.100000000000000006
connection 31 56 -0.240758404426742345 0 0.299999999999999989 0.100000000000000006
connection 34 56 1.160756631026742980 0 0.299999999999999989 0.100000000000000006
connection 35 56 -1.450029120431281626 0 0.299999999999999989 0.100000000000000006
connection 36 56 -3.663952490089286584 0 0.299999999999999989 0.100000000000000006
connection 37 56 -0.144311310607008636 0 0.299999999999999989 0.100000000000000006
connection 38 56 -1.182694042508956045 0 0.299999999999999989 0.100000000000000006
connection 39 56 -0.641448686597868800 0 0.299999999999999989 0.100000000000000006
connection 40 56 1.687528794805984944 0 0.299999999999999989 0.100000000000000006
connection 41 56 5.901679187023546547 0 0.299999999999999989 0.100000000000000006
connection 42 56 0.660308395395986736 0 0.299999999999999989 0.100000000000000006
connection 43 56 -0.214503969065845013 0 0.299999999999999989 0.100000000000000006
connection 44 56 0.419795408961363137 0 0.299999999999999989 0.100000000000000006
connection 45 56 -1.984382805589120835 0 0.299999999999999989 0.100000000000000006
connection 46 56 0.074721542536281049 0 0.299999999999999989 0.100000000000000006
connection 47 56 1.172129047976341099 0 0.299999999999999989 0.100000000000000006
connection 0 57 2.453322594868950546 0 0.299999999999999989 0.100000000000000006
connection 1 57 0.399401128990575671 0 0.299999999999999989 0.100000000000000006
connection 2 57 0.477829932468011975 0 0.299999999999999989 0.100000000000000006
connection 3 57 -0.640034076874144375 0 0.299999999999999989 0.100000000000000006
connection 4 57 0.035623834017314948 0 0.299999999999999989 0.100000000000000006
connection 5 57 0.583782866713590920 0 0.299999999999999989 0.100000000000000006
connection 6 57 1.063749529828783125 0 0.299999999999999989 0.100000000000000006
connection 7 57 0.757491557975299656 0 0.299999999999999989 0.100000000000000006
connection 8 57 1.383529554121196270 0 0.299999999999999989 0.100000000000000006
connection 9 57 -2.359100944711826742 0 0.299999999999999989 0.100000000000000006
connection 10 57 -5.749522949859965593 0 0.299999999999999989 0.100000000000000006
connection 11 57 0.565065808943472803 0 0.299999999999999989 0.100000000000000006
connection 12 57 0.014224790036678314 0 0.299999999999999989 0.100000000000000006
connection 13 57 0.904959999897982925 0 0.299999999999999989 0.100000000000000006
connection 14 57 -0.696845167432911694 0 0.299999999999999989 0.100000000000000006
connection 15 57 0.882892881520092487 0 0.299999999999999989 0.100000000000000006
connection 16 57 -0.978406764450483024 0 0.299999999999999989 0.100000000000000006
connection 17 57 -1.217097479588119313 0 0.299999999999999989 0.100000000000000006
connection 18 57 -0.595247285440564156 0 0.299999999999999989 0.100000000000000006
connection 19 57 1.299743845942430198 0 0.299999999999999989 0.100000000000000006
connection 20 57 -1.820899654529057443 0 0.299999999999999989 0.100000000000000006
connection 21 57 -0.718890547519549727 0 0.299999999999999989 0.100000000000000006
connection 22 57 0.005981914990115911 0 0.299999999999999989 0.100000000000000006
connection 23 57 -0.163342439715052024 0 0.299999999999999989 0.100000000000000006
connection 24 57 0.963112045195885003 0 0.299999999999999989 0.100000000000000006
connection 25 57 1.050365904928185046 0 0.299999999999999989 0.100000000000000006
connection 26 57 -1.014654126134701073 0 0.299999999999999989 0.100000000000000006
connection 27 57 -1.359500974067486823 0 0.299999999999999989 0.100000000000000006
connection 28 57 -0.170879703131504357 0 0.299999999999999989 0.100000000000000006
connection 29 57 -2.216368641835288145 0 0.299999999999999989 0.100000000000000006
connection 30 57 2.434976533346343786 0 0.299999999999999989 0.100000000000000006
connection 31 57 -1.150117637822404504 0 0.299999999999999989 0.100000000000000006
connection 32 57 1.416693982202559710 0 0.299999999999999989 0.100000000000000006
connection 33 57 0.706657290225848556 0 0.299999999999999989 0.100000000000000006
connection 34 57 -0.348397626890800893 0 0.299999999999999989 0.100000000000000006
connection 35 57 1.260064412399515277 0 0.299999999999999989 0.100000000000000006
connection 36 57 1.892110427259467542 0 0.299999999999999989 0.100000000000000006
connection 37 57 0.174001511593814939 0 0.299999999999999989 0.100000000000000006
connection 38 57 1.302667368086986244 0 0.299999999999999989 0.100000000000000006
connection 39 57 0.622207250795327127 0 0.299999999999999989 0.100000000000000006
connection 40 57 -1.996682034194236621 0 0.299999999999999989 0.100000000000000006
connection 41 57 0.249109282158315182 0 0.299999999999999989 0.100000000000000006
connection 42 57 -0.143610994899063371 0 0.299999999999999989 0.100000000000000006
connection 43 57 -0.538638489902950823 0 0.299999999999999989 0.100000000000000006
connection 44 57 -0.330136459670029581 0 0.299999999999999989 0.100000000000000006
connection 45 57 0.506015502498485148 0 0.299999999999999989 0.100000000000000006
connection 46 57 -1.343890350020956248 0 0.299999999999999989 0.100000000000000006
connection 0 58 -0.835689690895378590 0 0.299999999999999989 0.100000000000000006
connection 1 58 1.064050365035654977 0 0.299999999999999989 0.100000000000000006
connection 2 58 -2.705668190494179726 0 0.299999999999999989 0.100000000000000006
connection 3 58 -2.618952208897098899 0 0.299999999999999989 0.100000000000000006
connection 4 58 0.958572098694276065 0 0.299999999999999989 0.100000000000000006
connection 5 58 -0.124487107736058533 0 0.299999999999999989 0.100000000000000006
connection 6 58 0.018888012040406466 0 0.299999999999999989 0.100000000000000006
connection 7 58 0.875194225693121552 0 0.299999999999999989 0.100000000000000006
connection 8 58 1.850619020115118474 0 0.299999999999999989 0.100000000000000006
connection 9 58 -0.454790180214331485 0 0.299999999999999989 0.100000000000000006
connection 10 58 0.516094261714897584 0 0.299999999999999989 0.100000000000000006
connection 11 58 -0.230552528752014041 0 0.299999999999999989 0.100000000000000006
connection 12 58 2.559218308597337455 0 0.299999999999999989 0.100000000000000006
connection 13 58 0.544760211836546659 0 0.299999999999999989 0.100000000000000006
connection 14 58 0.090806226013228297 0 0.299999999999999989 0.100000000000000006
connection 16 58 3.377617250458570197 0 0.299999999999999989 0.100000000000000006
connection 17 58 -2.333497685845941305 0 0.299999999999999989 0.100000000000000006
connection 18 58 1.124526006402447820 0 0.299999999999999989 0.100000000000000006
connection 19 58 -4.538714655791409314 0 0.299999999999999989 0.100000000000000006
connection 22 58 0.237637558951973915 0 0.299999999999999989 0.100000000000000006
connection 23 58 -0.283967100898735225 0 0.299999999999999989 0.100000000000000006
connection 24 58 -0.230788726359605789 0 0.299999999999999989 0.100000000000000006
connection 25 58 -1.260235302499495447 0 0.299999999999999989 0.100000000000000006
connection 26 58 0.917048321920447052 0 0.299999999999999989 0.100000000000000006
connection 27 58 -1.375265686132479459 0 0.299999999999999989 0.100000000000000006
connection 28 58 0.667674998636357486 0 0.299999999999999989 0.100000000000000006
connection 29 58 -0.275651600117271300 0 0.299999999999999989 0.100000000000000006
connection 30 58 -0.102473298786208034 0 0.299999999999999989 0.100000000000000006
connection 31 58 -0.345382726052775979 0 0.299999999999999989 0.100000000000000006
connection 32 58 1.348244797205552459 0 0.299999999999999989 0.100000000000000006
connection 33 58 -0.951826586038805544 0 0.299999999999999989 0.100000000000000006
connection 34 58 -0.978262808333965950 0 0.299999999999999989 0.100000000000000006
connection 35 58 -0.124930250225588679 0 0.299999999999999989 0.100000000000000006
connection 36 58 -0.503055414417758584 0 0.299999999999999989 0.100000000000000006
connection 37 58 0.988854390918277204 0 0.299999999999999989 0.100000000000000006
connection 38 58 -1.040359984530368820 0 0.299999999999999989 0.100000000000000006
connection 39 58 -0.403310026391409338 0 0.299999999999999989 0.100000000000000006
connection 40 58 1.176321843755431473 0 0.299999999999999989 0.100000000000000006
connection 41 58 1.355146288406103849 0 0.299999999999999989 0.100000000000000006
connection 42 58 0.224188092281110585 0 0.299999999999999989 0.100000000000000006
connection 43 58 -1.840084520285017788 0 0.299999999999999989 0.100000000000000006
connection 44 58 0.928014764329418540 0 0.299999999999999989 0.100000000000000006
connection 45 58 -0.910818141885101795 0 0.299999999999999989 0.100000000000000006
connection 46 58 -0.744016063748858869 0 0.299999999999999989 0.100000000000000006
connection 47 58 1.276517936377786100 0 0.299999999999999989 0.100000000000000006
connection 0 59 -0.103325956501066685 0 0.299999999999999989 0.100000000000000006
connection 1 59 -0.814847468289372046 0 0.299999999999999989 0.100000000000000006
connection 2 59 -5.423237033188343048 0 0.299999999999999989 0.100000000000000006
connection 3 59 1.929490915383212268 0 0.299999999999999989 0.100000000000000006
connection 4 59 1.405206924770027399 0 0.299999999999999989 0.100000000000000006
connection 5 59 -0.671508536208420992 0 0.299999999999999989 0.100000000000000006
connection 6 59 -0.791473285178653896 0 0.299999999999999989 0.100000000000000006
connection 7 59 2.242009112029336393 0 0.299999999999999989 0.100000000000000006
connection 9 59 0.239924092893488705 0 0.299999999999999989 0.100000000000000006
connection 10 59 2.415064623695798218 0 0.299999999999999989 0.100000000000000006
connection 11 59 1.992508464667480439 0 0.299999999999999989 0.100000000000000006
connection 12 59 0.164500847240560688 0 0.299999999999999989 0.100000000000000006
connection 13 59 -0.180133758811280131 0 0.299999999999999989 0.100000000000000006
connection 16 59 1.583825204317690805 0 0.299999999999999989 0.100000000000000006
connection 17 59 -1.845369931717868894 0 0.299999999999999989 0.100000000000000006
connection 18 59 -3.270807079999940470 0 0.299999999999999989 0.100000000000000006
connection 19 59 0.365016997209750116 0 0.299999999999999989 0.100000000000000006
connection 20 59 2.912401162146124989 0 0.299999999999999989 0.100000000000000006
connection 21 59 -1.009840800368692726 0 0.299999999999999989 0.100000000000000006
connection 22 59 -0.444153375923633575 0 0.299999999999999989 0.100000000000000006
connection 23 59 0.022595622576773167 0 0.299999999999999989 0.100000000000000006
connection 24 59 -0.162270698929205537 0 0.299999999999999989 0.100000000000000006
connection 25 59 0.052614598884247243 0 0.299999999999999989 0.100000000000000006
connection 26 59 -0.682397169177420437 0 0.299999999999999989 0.100000000000000006
connection 27 59 2.261352331714078900 0 0.299999999999999989 0.100000000000000006
connection 28 59 -4.806272454417921836 0 0.299999999999999989 0.100000000000000006
connection 30 59 -1.420540022547356784 0 0.299999999999999989 0.100000000000000006
connection 31 59 -0.225616981428174768 0 0.299999999999999989 0.100000000000000006
connection 32 59 0.108983849320793524 0 0.299999999999999989 0.100000000000000006
connection 33 59 2.464188700963859446 0 0.299999999999999989 0.100000000000000006
connection 34 59 -1.879457786621060222 0 0.299999999999999989 0.100000000000000006
connection 35 59 1.126100825727917254 0 0.299999999999999989 0.100000000000000006
connection 36 59 0.137011616607196629 0 0.299999999999999989 0.100000000000000006
connection 37 59 -2.006753161665983498 0 0.299999999999999989 0.100000000000000006
connection 38 59 -1.382195558369858190 0 0.299999999999999989 0.100000000000000006
connection 39 59 -0.449217804591171443 0 0.299999999999999989 0.100000000000000006
connection 40 59 0.587302875122986734 0 0.299999999999999989 0.100000000000000006
connection 41 59 4.059687867760658264 0 0.299999999999999989 0.100000000000000006
connection 42 59 1.235648896778002381 0 0.299999999999999989 0.100000000000000006
connection 43 59 1.910361081681912765 0 0.299999999999999989 0.100000000000000006
connection 44 59 0.277370954398065805 0 0.299999999999999989 0.100000000000000006
connection 45 59 2.082544011238496751 0 0.299999999999999989 0.100000000000000006
connection 46 59 0.061052443808875978 0 0.299999999999999989 0.100000000000000006
connection 47 59 1.793639574665576220 0 0.299999999999999989 0.100000000000000006
connection 0 60 0.931547257292550057 0 0.299999999999999989 0.100000000000000006
connection 1 60 1.882940385956317186 0 0.299999999999999989 0.100000000000000006
connection 2 60 0.714563146233558655 0 0.299999999999999989 0.100000000000000006
connection 3 60 -0.481148780439980328 0 0.299999999999999989 0.100000000000000006
connection 4 60 1.786082281614653766 0 0.299999999999999989 0.100000000000000006
connection 5 60 -2.772843919708975591 0 0.299999999999999989 0.100000000000000006
connection 6 60 -1.412550032371655107 0 0.299999999999999989 0.100000000000000006
connection 7 60 -0.521210395236266777 0 0.299999999999999989 0.100000000000000006
connection 8 60 1.472348494105972350 0 0.299999999999999989 0.100000000000000006
connection 9 60 0.094624806544743478 0 0.299999999999999989 0.100000000000000006
connection 10 60 -1.441238090279512107 0 0.299999999999999989 0.100000000000000006
connection 11 60 0.496746162301860750 0 0.299999999999999989 0.100000000000000006
connection 12 60 1.683761531283380464 0 0.299999999999999989 0.100000000000000006
connection 13 60 0.891563702956773341 0 0.299999999999999989 0.100000000000000006
connection 14 60 -0.777807394159026444 0 0.299999999999999989 0.100000000000000006
connection 15 60 -0.572158589857281186 0 0.299999999999999989 0.100000000000000006
connection 16 60 0.637114724144339561 0 0.299999999999999989 0.100000000000000006
connection 17 60 -0.338570227380841970 0 0.299999999999999989 0.100000000000000006
connection 18 60 2.665945978369563818 0 0.299999999999999989 0.100000000000000006
connection 19 60 0.044991782633587718 0 0.299999999999999989 0.100000000000000006
connection 20 60 0.641809974156785756 0 0.299999999999999989 0.100000000000000006
connection 21 60 0.078282792237587273 0 0.299999999999999989 0.100000000000000006
connection 22 60 2.069762932893354446 0 0.299999999999999989 0.100000000000000006
connection 23 60 0.812890924455132335 0 0.299999999999999989 0.100000000000000006
connection 24 60 0.599541993229649961 0 0.299999999999999989 0.100000000000000006
connection 25 60 0.070134134730324149 0 0.299999999999999989 0.100000000000000006
connection 26 60 1.773506142024416476 0 0.299999999999999989 0.100000000000000006
connection 27 60 1.358214641339145601 0 0.299999999999999989 0.100000000000000006
connection 28 60 0.894340240978635848 0 0.299999999999999989 0.100000000000000006
connection 29 60 1.162021731375716627 0 0.299999999999999989 0.100000000000000006
connection 30 60 0.823191618779674172 0 0.299999999999999989 0.100000000000000006
connection 31 60 0.689960501913446933 0 0.299999999999999989 0.100000000000000006
connection 32 60 -0.334792079986073077 0 0.299999999999999989 0.100000000000000006
connection 33 60 0.872173397219739854 0 0.299999999999999989 0.100000000000000006
connection 34 60 0.853596347529673949 0 0.299999999999999989 0.100000000000000006
connection 35 60 1.114970031776465476 0 0.299999999999999989 0.100000000000000006
connection 36 60 0.187229861272498965 0 0.299999999999999989 0.100000000000000006
connection 37 60 -2.359779688831622479 0 0.299999999999999989 0.100000000000000006
connection 38 60 -0.582543216092744842 0 0.299999999999999989 0.100000000000000006
connection 39 60 0.619432809995487332 0 0.299999999999999989 0.100000000000000006
connection 40 60 0.501637501060031354 0 0.299999999999999989 0.100000000000000006
connection 41 60 0.416812412033323199 0 0.299999999999999989 0.100000000000000006
connection 42 60 0.812959635048173368 0 0.299999999999999989 0.100000000000000006
connection 43 60 1.093888996285386384 0 0.299999999999999989 0.100000000000000006
connection 44 60 1.164148388350440655 0 0.299999999999999989 0.100000000000000006
connection 45 60 -0.424874984251800925 0 0.299999999999999989 0.100000000000000006
connection 46 60 1.675322605495239259 0 0.299999999999999989 0.100000000000000006
connection 47 60 -1.417591560340952128 0 0.299999999999999989 0.100000000000000006
connection 0 61 1.006481158314272761 0 0.299999999999999989 0.100000000000000006
connection 1 61 -0.586874520697165281 0 0.299999999999999989 0.100000000000000006
connection 2 61 0.181764573906548321 0 0.299999999999999989 0.100000000000000006
connection 3 61 -1.231356109637999907 0 0.299999999999999989 0.100000000000000006
connection 4 61 0.918284560844767839 0 0.299999999999999989 0.100000000000000006
connection 5 61 -0.429086588104837574 0 0.299999999999999989 0.100000000000000006
connection 6 61 1.249707363138440996 0 0.299999999999999989 0.100000000000000006
connection 7 61 0.219954178901389241 0 0.299999999999999989 0.100000000000000006
connection 8 61 0.781442091334611177 0 0.299999999999999989 0.100000000000000006
connection 9 61 -2.512360755004920065 0 0.299999999999999989 0.100000000000000006
connection 10 61 1.997547965933335945 0 0.299999999999999989 0.100000000000000006
connection 11 61 -2.110157001414336264 0 0.299999999999999989 0.100000000000000006
connection 12 61 -0.797087092418223619 0 0.299999999999999989 0.100000000000000006
connection 13 61 -2.691834592085797340 0 0.299999999999999989 0.100000000000000006
connection 15 61 -1.258240700582973659 0 0.299999999999999989 0.100000000000000006
connection 16 61 -2.088959599273948697 0 0.299999999999999989 0.100000000000000006
connection 17 61 0.359565009712241590 0 0.299999999999999989 0.100000000000000006
connection 18 61 1.883601714231190272 0 0.299999999999999989 0.100000000000000006
connection 19 61 -1.216079290490597486 0 0.299999999999999989 0.100000000000000006
connection 20 61 -0.304894381784833968 0 0.299999999999999989 0.100000000000000006
connection 21 61 -1.083156610373407602 0 0.299999999999999989 0.100000000000000006
connection 22 61 0.565287709352560341 0 0.299999999999999989 0.100000000000000006
connection 23 61 -0.182903569308109581 0 0.299999999999999989 0.100000000000000006
connection 24 61 0.877317850856343284 0 0.299999999999999989 0.100000000000000006
connection 25 61 1.118755233866977505 0 0.299999999999999989 0.100000000000000006
connection 26 61 -0.497474123025313020 0 0.299999999999999989 0.100000000000000006
connection 27 61 -0.008273661369457841 0 0.299999999999999989 0.100000000000000006
connection 29 61 0.691316636424744502 0 0.299999999999999989 0.100000000000000006
connection 30 61 -0.149434445309452713 0 0.299999999999999989 0.100000000000000006
connection 31 61 -0.678253416321240366 0 0.299999999999999989 0.100000000000000006
connection 32 61 -0.477142106043174863 0 0.299999999999999989 0.100000000000000006
connection 34 61 -3.912003145727794617 0 0.299999999999999989 0.100000000000000006
connection 35 61 -3.578426826486975187 0 0.299999999999999989 0.100000000000000006
connection 36 61 -0.308782968189916573 0 0.299999999999999989 0.100000000000000006
connection 37 61 0.138804880087263882 0 0.299999999999999989 0.100000000000000006
connection 38 61 -6.260112035204656422 0 0.299999999999999989 0.100000000000000006
connection 39 61 -0.547543867141939700 0 0.299999999999999989 0.100000000000000006
connection 41 61 0.340015587251400575 0 0.299999999999999989 0.100000000000000006
connection 42 61 0.264520437456667423 0 0.299999999999999989 0.100000000000000006
connection 43 61 -0.906421525520272553 0 0.299999999999999989 0.100000000000000006
connection 44 61 -3.005677532870322466 0 0.299999999999999989 0.100000000000000006
connection 45 61 0.536354541894979775 0 0.299999999999999989 0.100000000000000006
connection 46 61 1.991352463897783309 0 0.299999999999999989 0.100000000000000006
connection 47 61 1.688468853055383079 0 0.299999999999999989 0.100000000000000006
connection 0 62 0.550332583254203200 0 0.299999999999999989 0.100000000000000006
connection 1 62 0.369697542861104012 0 0.299999999999999989 0.100000000000000006
connection 2 62 -1.233735431334935129 0 0.299999999999999989 0.100000000000000006
connection 3 62 -3.320486296506715007 0 0.299999999999999989 0.100000000000000006
connection 4 62 1.310988717246800661 0 0.299999999999999989 0.100000000000000006
connection 5 62 0.504207286518067122 0 0.299999999999999989 0.100000000000000006
connection 6 62 -1.582380799343809485 0 0.299999999999999989 0.100000000000000006
connection 7 62 -0.849592802696861327 0 0.299999999999999989 0.100000000000000006
connection 8 62 0.964442125943605788 0 0.299999999999999989 0.100000000000000006
connection 9 62 1.660393096070038155 0 0.299999999999999989 0.100000000000000006
connection 10 62 0.526948541635647416 0 0.299999999999999989 0.100000000000000006
connection 11 62 -4.479411524542229017 0 0.299999999999999989 0.100000000000000006
connection 12 62 1.225783261068045249 0 0.299999999999999989 0.100000000000000006
connection 13 62 -1.892370894551277161 0 0.299999999999999989 0.100000000000000006
connection 14 62 0.189963629120029509 0 0.299999999999999989 0.100000000000000006
connection 15 62 0.979749686033756007 0 0.299999999999999989 0.100000000000000006
connection 16 62 -0.039032022701576352 0 0.299999999999999989 0.100000000000000006
connection 17 62 0.556343963486142457 0 0.299999999999999989 0.100000000000000006
connection 18 62 -0.427430445735808462 0 0.299999999999999989 0.100000000000000006
connection 19 62 1.271931375435087830 0 0.299999999999999989 0.100000000000000006
connection 20 62 0.898655200900975615 0 0.299999999999999989 0.100000000000000006
connection 22 62 -0.342161573353223503 0 0.299999999999999989 0.100000000000000006
connection 23 62 0.138661722536198795 0 0.299999999999999989 0.100000000000000006
connection 24 62 0.090450718533247709 0 0.299999999999999989 0.100000000000000006
connection 25 62 1.952234835247509181 0 0.299999999999999989 0.100000000000000006
connection 26 62 0.015521149616688490 0 0.299999999999999989 0.100000000000000006
connection 27 62 0.195127247017808259 0 0.299999999999999989 0.100000000000000006
connection 28 62 -1.956098462338559330 0 0.299999999999999989 0.100000000000000006
connection 29 62 0.526397706358693540 0 0.299999999999999989 0.100000000000000006
connection 30 62 -1.948564957652706653 0 0.299999999999999989 0.100000000000000006
connection 31 62 -1.133974023279733956 0 0.299999999999999989 0.100000000000000006
connection 32 62 0.341317932936362922 0 0.299999999999999989 0.100000000000000006
connection 33 62 -2.685519565944559872 0 0.299999999999999989 0.100000000000000006
connection 34 62 0.644663856248371303 0 0.299999999999999989 0.100000000000000006
connection 35 62 -0.448760305094765499 0 0.299999999999999989 0.100000000000000006
connection 36 62 1.682137421797960997 0 0.299999999999999989 0.100000000000000006
connection 37 62 0.370123181724920869 0 0.299999999999999989 0.100000000000000006
connection 38 62 -1.271209600265137851 0 0.299999999999999989 0.100000000000000006
connection 39 62 0.315181617974303663 0 0.299999999999999989 0.100000000000000006
connection 41 62 -0.067630552926857490 0 0.299999999999999989 0.100000000000000006
connection 42 62 -0.035910880891606212 0 0.299999999999999989 0.100000000000000006
connection 43 62 0.258878857246600091 0 0.299999999999999989 0.100000000000000006
connection 44 62 -0.656818622373975813 0 0.299999999999999989 0.100000000000000006
connection 45 62 -1.145716697952593677 0 0.299999999999999989 0.100000000000000006
connection 46 62 -0.049639489443507046 0 0.299999999999999989 0.100000000000000006
connection 47 62 0.440397998958360404 0 0.299999999999999989 0.100000000000000006
connection 53 48 -0.547846403205767274 0 0.299999999999999989 0.100000000000000006
connection 54 48 -1.586220315715763718 0 0.299999999999999989 0.100000000000000006
connection 55 48 2.030462681665085256 0 0.299999999999999989 0.100000000000000006
connection 56 48 -0.915953939431346953 0 0.299999999999999989 0.100000000000000006
connection 57 48 -0.248732536099851131 0 0.299999999999999989 0.100000000000000006
connection 58 48 0.774542203696910292 0 0.299999999999999989 0.100000000000000006
connection 59 48 -0.156308754230849445 0 0.299999999999999989 0.100000000000000006
connection 60 48 2.610331876556301722 0 0.299999999999999989 0.100000000000000006
connection 61 48 0.052008321072207764 0 0.299999999999999989 0.100000000000000006
connection 62 48 -3.330694564210716635 0 0.299999999999999989 0.100000000000000006
connection 53 49 0.943357039708644152 0 0.299999999999999989 0.100000000000000006
connection 54 49 1.135341778164729476 0 0.299999999999999989 0.100000000000000006
connection 55 49 -0.868736151838675141 0 0.299999999999999989 0.100000000000000006
connection 56 49 0.403860937687568367 0 0.299999999999999989 0.100000000000000006
connection 57 49 0.006873771577375010 0 0.299999999999999989 0.100000000000000006
connection 58 49 0.895008505154692102 0 0.299999999999999989 0.100000000000000006
connection 59 49 1.353900792528293096 0 0.299999999999999989 0.100000000000000006
connection 60 49 -0.774798421305604279 0 0.299999999999999989 0.100000000000000006
connection 61 49 0.012796765309758484 0 0.299999999999999989 0.100000000000000006
connection 62 49 1.126611558487638831 0 0.299999999999999989 0.100000000000000006
connection 53 50 1.149643601616844535 0 0.299999999999999989 0.100000000000000006
connection 54 50 -0.696642008377239108 0 0.299999999999999989 0.100000000000000006
connection 55 50 -0.357838679745327681 0 0.299999999999999989 0.100000000000000006
connection 56 50 -1.156838158727623522 0 0.299999999999999989 0.100000000000000006
connection 57 50 -1.025705624371767044 0 0.299999999999999989 0.100000000000000006
connection 58 50 -0.255425265640951693 0 0.299999999999999989 0.100000000000000006
connection 59 50 -0.218816825348767452 0 0.299999999999999989 0.100000000000000006
connection 60 50 -1.629713101894594729 0 0.299999999999999989 0.100000000000000006
connection 61 50 -0.794918151921592653 0 0.299999999999999989 0.100000000000000006
connection 62 50 0.536102014477364719 0 0.299999999999999989 0.100000000000000006
connection 53 51 1.741709349531447515 0 0.299999999999999989 0.100000000000000006
connection 54 51 2.221639492549002171 0 0.299999999999999989 0.100000000000000006
connection 55 51 -0.093270075100008398 0 0.299999999999999989 0.100000000000000006
connection 56 51 0.376394779770635068 0 0.299999999999999989 0.100000000000000006
connection 57 51 -2.783600156544707716 0 0.299999999999999989 0.100000000000000006
connection 58 51 0.624374330975115299 0 0.299999999999999989 0.100000000000000006
connection 59 51 -3.094789972587022930 0 0.299999999999999989 0.100000000000000006
connection 60 51 0.462262013345025480 0 0.299999999999999989 0.100000000000000006
connection 61 51 -0.310661057708784938 0 0.299999999999999989 0.100000000000000006
connection 62 51 1.506599948130315170 0 0.299999999999999989 0.100000000000000006
connection 54 52 -1.229688132647424936 0 0.299999999999999989 0.100000000000000006
connection 55 52 0.628551589034032077 0 0.299999999999999989 0.100000000000000006
connection 56 52 -0.810580408549867570 0 0.299999999999999989 0.100000000000000006
connection 57 52 0.482840874115936458 0 0.299999999999999989 0.100000000000000006
connection 58 52 -0.386380099225789309 0 0.299999999999999989 0.100000000000000006
connection 59 52 1.238779841667565051 0 0.299999999999999989 0.100000000000000006
connection 60 52 0.466512693136792223 0 0.299999999999999989 0.100000000000000006
connection 61 52 1.861759186987910653 0 0.299999999999999989 0.100000000000000006
connection 62 52 0.277989554102532566 0 0.299999999999999989 0.100000000000000006
connection 47 48 -1.545963498239871114 0 0.299999999999999989 0.100000000000000006
connection 47 50 -7.572754404391162097 0 0.299999999999999989 0.100000000000000006
connection 47 51 1.543965291697531939 0 0.299999999999999989 0.100000000000000006
connection 47 52 0.361028451210586354 0 0.299999999999999989 0.100000000000000006
connection 56 61 -0.287051310180686414 0 0.299999999999999989 0.100000000000000006
connection 60 54 -0.450708667514845729 0 0.299999999999999989 0.100000000000000006
connection 51 61 1.175813133246265352 1 0.299999999999999989 0.100000000000000006
connection 32 51 0.127213021973147988 0 0.299999999999999989 0.100000000000000006
connection 51 56 0.056751896569039673 1 0.299999999999999989 0.100000000000000006
connection 29 51 0.005766830756329000 0 0.299999999999999989 0.100000000000000006
connection 30 50 -0.106846814858727157 0 0.299999999999999989 0.100000000000000006
connection 19 63 -0.435142752365209162 0 0.299999999999999989 0.100000000000000006
connection 63 54 -0.479640084435231984 0 0.299999999999999989 0.100000000000000006
connection 30 51 -0.635323795606382191 0 0.299999999999999989 0.100000000000000006
connection 4 49 1.152157340548001230 0 0.299999999999999989 0.100000000000000006
connection 60 57 2.262152383569628000 0 0.299999999999999989 0.100000000000000006
connection 36 49 -0.461278240429237485 0 0.299999999999999989 0.100000000000000006
connection 49 53 1.000678288750350475 1 0.299999999999999989 0.100000000000000006
connection 58 60 -0.568283683038316667 0 0.299999999999999989 0.100000000000000006
connection 42 48 -2.364068303548265249 0 0.299999999999999989 0.100000000000000006
connection 61 53 -1.578022131288889796 0 0.299999999999999989 0.100000000000000006
connection 52 54 2.373101136021432467 1 0.299999999999999989 0.100000000000000006
connection 60 58 -0.227615845040418208 0 0.299999999999999989 0.100000000000000006
connection 27 50 1.284970817847352009 0 0.299999999999999989 0.100000000000000006
connection 32 50 -1.234787906258134171 0 0.299999999999999989 0.100000000000000006
connection 45 52 -1.735537137486971915 0 0.299999999999999989 0.100000000000000006
connection 43 49 0.882184693124145269 0 0.299999999999999989 0.100000000000000006
connection 61 54 0.286090389592573047 0 0.299999999999999989 0.100000000000000006
connection 52 56 -1.379319709376432002 1 0.299999999999999989 0.100000000000000006
connection 60 59 3.845852646038110834 0 0.299999999999999989 0.100000000000000006
connection 63 55 -1.325632691790815443 0 0.299999999999999989 0.100000000000000006
connection 23 48 0.749684255803003907 0 0.299999999999999989 0.100000000000000006
connection 23 51 -1.322268302319571376 0 0.299999999999999989 0.100000000000000006
connection 50 60 -0.746152857609558851 1 0.299999999999999989 0.100000000000000006
connection 50 56 2.173021173395682126 1 0.299999999999999989 0.100000000000000006
connection 38 63 -3.763292513671331108 0 0.299999999999999989 0.100000000000000006
connection 56 63 1.119825988775119185 1 0.299999999999999989 0.100000000000000006
connection 61 55 3.292835425934754312 0 0.299999999999999989 0.100000000000000006
connection 31 52 3.041023078898433596 0 0.299999999999999989 0.100000000000000006
connection 2 51 -3.249769526504678652 0 0.299999999999999989 0.100000000000000006
connection 50 59 0.577050034538842738 1 0.299999999999999989 0.100000000000000006
connection 31 63 2.722953483142191544 0 0.299999999999999989 0.100000000000000006
connection 17 63 -0.514336077729240060 0 0.299999999999999989 0.100000000000000006
connection 59 63 -0.236639456590637565 1 0.299999999999999989 0.100000000000000006
connection 49 61 0.323488806607201695 1 0.299999999999999989 0.100000000000000006
connection 5 63 0.809340514184441417 0 0.299999999999999989 0.100000000000000006
connection 37 48 -1.303979324060492218 0 0.299999999999999989 0.100000000000000006
connection 12 64 4.542418575263582170 0 0.299999999999999989 0.100000000000000006
connection 64 56 -0.052188784815371037 0 0.299999999999999989 0.100000000000000006
connection 59 61 -1.483851610719284508 0 0.299999999999999989 0.100000000000000006
connection 49 54 0.978591269347816706 1 0.299999999999999989 0.100000000000000006
connection 37 63 1.516972618061117828 0 0.299999999999999989 0.100000000000000006
connection 50 62 0.997646910720504820 1 0.299999999999999989 0.100000000000000006
connection 9 63 0.012677563805482350 0 0.299999999999999989 0.100000000000000006
connection 61 57 -0.117216815589927137 0 0.299999999999999989 0.100000000000000006
connection 49 59 2.268022211967036128 1 0.299999999999999989 0.100000000000000006
connection 5 52 -2.153806827962398529 0 0.299999999999999989 0.100000000000000006
connection 32 48 0.632597210817039013 0 0.299999999999999989 0.100000000000000006
connection 3 49 -1.714805356139549986 0 0.299999999999999989 0.100000000000000006
connection 62 58 0.628943537711165845 0 0.299999999999999989 0.100000000000000006
connection 20 51 2.954871313762851059 0 0.299999999999999989 0.100000000000000006
connection 52 55 0.528475072467699647 1 0.299999999999999989 0.100000000000000006
connection 34 52 -0.423132262498256750 0 0.299999999999999989 0.100000000000000006
connection 22 63 -0.787390819401480258 0 0.299999999999999989 0.100000000000000006
connection 0 50 -0.098779264575568959 0 0.299999999999999989 0.100000000000000006
connection 14 65 1.514081736793741584 0 0.299999999999999989 0.100000000000000006
connection 65 61 1.882033946050796658 0 0.299999999999999989 0.100000000000000006
connection 4 50 -0.155153698986396194 0 0.299999999999999989 0.100000000000000006
connection 19 65 0.433989687575376593 0 0.299999999999999989 0.100000000000000006
connection 48 56 -0.782734984531998634 1 0.299999999999999989 0.100000000000000006
connection 4 51 0.039358774549327791 0 0.299999999999999989 0.100000000000000006
connection 6 65 1.132200208870926872 0 0.299999999999999989 0.100000000000000006
connection 33 63 0.452099497313611209 0 0.299999999999999989 0.100000000000000006
connection 55 58 -0.772649754973826930 0 0.299999999999999989 0.100000000000000006
connection 63 62 2.315228282794123515 0 0.299999999999999989 0.100000000000000006
connection 29 48 1.161468531470745802 0 0.299999999999999989 0.100000000000000006
connection 33 66 -1.514729404007084668 0 0.299999999999999989 0.100000000000000006
connection 66 56 -1.350493373814970255 0 0.299999999999999989 0.100000000000000006
connection 47 65 -0.430711673921905458 0 0.299999999999999989 0.100000000000000006
connection 46 67 0.444503121310845017 0 0.299999999999999989 0.100000000000000006
connection 67 55 6.023225004930282012 0 0.299999999999999989 0.100000000000000006
connection 15 68 0.841095415991730988 0 0.299999999999999989 0.100000000000000006
connection 68 56 -2.095869647222571075 0 0.299999999999999989 0.100000000000000006
connection 21 69 -0.428620549151673913 0 0.299999999999999989 0.100000000000000006
connection 53 70 -0.723876084550283849 0 0.299999999999999989 0.100000000000000006
connection 70 52 -1.442908155033364892 0 0.299999999999999989 0.100000000000000006
connection 46 52 2.598798397229984403 0 0.299999999999999989 0.100000000000000006
connection 68 60 -2.880792198702692986 0 0.299999999999999989 0.100000000000000006
connection 51 51 -0.413955955998972058 1 0.299999999999999989 0.100000000000000006
connection 2 68 0.456225439847912639 0 0.299999999999999989 0.100000000000000006
connection 1 65 -0.665075154160149395 0 0.299999999999999989 0.100000000000000006
connection 42 70 -0.944481813348829746 0 0.299999999999999989 0.100000000000000006
connection 14 70 3.914484139997512102 0 0.299999999999999989 0.100000000000000006
connection 26 71 -1.144775618507992476 0 0.299999999999999989 0.100000000000000006
connection 71 48 -1.355383853195235133 0 0.299999999999999989 0.100000000000000006
connection 55 66 -0.616488837928045541 1 0.299999999999999989 0.100000000000000006
connection 51 70 -0.930284581729210913 1 0.299999999999999989 0.100000000000000006
connection 68 68 -0.013323596213012934 1 0.299999999999999989 0.100000000000000006
connection 18 70 -0.435458909720182419 0 0.299999999999999989 0.100000000000000006
connection 29 71 -1.602440699934959412 0 0.299999999999999989 0.100000000000000006
connection 69 72 0.706332361907698214 0 0.299999999999999989 0.100000000000000006
connection 72 58 2.180259798362385482 0 0.299999999999999989 0.100000000000000006
connection 28 72 2.595552027807570994 0 0.299999999999999989 0.100000000000000006
connection 70 58 0.353369681281037629 1 0.299999999999999989 0.100000000000000006
connection 17 73 0.171716701355762780 0 0.299999999999999989 0.100000000000000006
connection 73 54 -1.629433399299159646 0 0.299999999999999989 0.100000000000000006
connection 35 69 -0.371623428422026336 0 0.299999999999999989 0.100000000000000006
connection 39 65 -1.288158947485499084 0 0.299999999999999989 0.100000000000000006
connection 51 74 1.252367080189287663 1 0.299999999999999989 0.100000000000000006
connection 74 58 0.655224097543396056 1 0.299999999999999989 0.100000000000000006
connection 57 74 -1.225602873950265348 0 0.299999999999999989 0.100000000000000006
connection 72 73 -0.397323824581690133 1 0.299999999999999989 0.100000000000000006
connection 4 74 -0.937295717536471784 0 0.299999999999999989 0.100000000000000006
connection 3 74 -0.533795258961617947 0 0.299999999999999989 0.100000000000000006
connection 57 60 0.538355531170964241 0 0.299999999999999989 0.100000000000000006
connection 41 70 0.206378380535170436 0 0.299999999999999989 0.100000000000000006
connection 13 71 0.676251411903649569 0 0.299999999999999989 0.100000000000000006
connection 29 75 0.872682683402672410 0 0.299999999999999989 0.100000000000000006
connection 75 59 -0.052449143724516034 0 0.299999999999999989 0.100000000000000006
connection 1 66 -0.754821676062420011 0 0.299999999999999989 0.100000000000000006
connection 73 65 0.525500498013570905 0 0.299999999999999989 0.100000000000000006
connection 28 76 0.017805588315241039 0 0.299999999999999989 0.100000000000000006
connection 76 54 0.139614287531003356 0 0.299999999999999989 0.100000000000000006
connection 40 77 -0.598799933446571231 0 0.299999999999999989 0.100000000000000006
connection 77 62 0.127481386065483093 0 0.299999999999999989 0.100000000000000006
connection 33 72 -0.329610193381085992 0 0.299999999999999989 0.100000000000000006
connection 11 78 0.649070032406598330 0 0.299999999999999989 0.100000000000000006
connection 78 54 0.014565666904672980 0 0.299999999999999989 0.100000000000000006
connection 73 75 -0.662937702145427465 0 0.299999999999999989 0.100000000000000006
connection 69 75 -0.015543873189017177 0 0.299999999999999989 0.100000000000000006
connection 9 68 0.363834271905943751 0 0.299999999999999989 0.100000000000000006
connection 56 79 -0.802847814047709107 1 0.299999999999999989 0.100000000000000006
connection 79 63 0.539940354879945517 1 0.299999999999999989 0.100000000000000006
connection 43 68 -0.160629246383905411 0 0.299999999999999989 0.100000000000000006
connection 19 72 0.080187710002064705 0 0.299999999999999989 0.100000000000000006
connection 6 77 0.960890799062326550 0 0.299999999999999989 0.100000000000000006
connection 23 79 -0.156754299532622099 0 0.299999999999999989 0.100000000000000006
connection 46 78 -0.530619539786130190 0 0.299999999999999989 0.100000000000000006
connection 43 79 -0.631441927747800946 0 0.299999999999999989 0.100000000000000006
connection 76 49 0.217324138153344393 0 0.299999999999999989 0.100000000000000006
connection 8 80 -0.465042972471565008 0 0.299999999999999989 0.100000000000000006
connection 80 59 -0.127396227559074759 0 0.299999999999999989 0.100000000000000006
connection 21 81 -0.526674544904381037 0 0.299999999999999989 0.100000000000000006
connection 81 62 -0.762601404450833797 0 0.299999999999999989 0.100000000000000006
connection 27 64 -0.702474894933402538 0 0.299999999999999989 0.100000000000000006
NNend

